1001 22000.0
10.19355777
10.1389529241
10.0879395016
10.0403213284
9.99591600298
9.9545536606
9.91607586872
9.88033463575
9.84719152084
9.81651683261
9.78818890681
9.76209345394
9.73812296912
9.71617619756
9.69615764945
9.6779771593
9.661549485
9.64679394244
9.6336340724
9.62199733617
9.61181483734
9.60302106711
9.59555367093
9.58935323447
9.58436308708
9.5805291213
9.57779962672
9.57612513717
9.57545828991
9.57575369588
9.57696781995
9.57905887046
9.58198669717
9.58571269695
9.59019972665
9.59541202244
9.60131512518
9.60787581142
9.61506202938
9.62284283972
9.63118836064
9.64006971698
9.64945899303
9.65932918878
9.66965417934
9.68040867724
9.69156819752
9.70310902526
9.7150081855
9.72724341521
9.73979313737
9.75263643681
9.76575303776
9.77912328301
9.7927281145
9.80654905527
9.82056819262
9.83476816249
9.84913213481
9.86364379986
9.87828735556
9.89304749552
9.90790939787
9.92285871481
9.93788156275
9.95296451302
9.96809458313
9.9832592285
9.9984463346
10.0136442095
10.0288415767
10.0440275683
10.0591917188
10.0743239581
10.0894146061
10.1044543664
10.1194343209
10.1343459237
10.1491809961
10.1639317207
10.1785906366
10.1931506338
10.207604948
10.2219471555
10.2361711677
10.2502712264
10.2642418983
10.2780780698
10.291774942
10.3053280249
10.3187331329
10.3319863787
10.3450841685
10.3580231962
10.3708004381
10.3834131475
10.3958588489
10.4081353324
10.4202406482
10.4321731009
10.4439312435
10.4555138718
10.4669200186
10.4781489476
10.4892001477
10.500073327
10.5107684068
10.5212855156
10.5316249832
10.5417873344
10.5517732834
10.5615837276
10.5712197412
10.5806825698
10.589973624
10.5990944735
10.6080468412
10.6168325972
10.625453753
10.6339124553
10.6422109806
10.6503517295
10.6583372203
10.6661700841
10.6738530587
10.6813889835
10.6887807936
10.6960315147
10.7031442575
10.710122213
10.7169686469
10.7236868945
10.7302803562
10.7367524921
10.7431068175
10.7493468984
10.7554763464
10.7614988148
10.7674179937
10.7732376062
10.7789614039
10.7845931631
10.7901366807
10.7955957702
10.8009742584
10.8062759814
10.8115047814
10.816664503
10.8217589901
10.8267920826
10.8317676134
10.8366894054
10.8415612689
10.8463869984
10.85117037
10.8559151394
10.8606250387
10.8653037747
10.8699550264
10.8745824425
10.8791896401
10.883780202
10.8883576755
10.89292557
10.8974873558
10.9020464624
10.9066062767
10.911170142
10.9157413563
10.9203231713
10.9249187909
10.9295313706
10.9341640159
10.9388197817
10.9435016711
10.9482126349
10.9529555707
10.9577333219
10.9625486776
10.9674043717
10.972303082
10.9772474307
10.982239983
10.9872832471
10.9923796741
10.9975316573
11.0027415322
11.0080115765
11.0133440094
11.0187409919
11.0242046268
11.0297369583
11.0353399722
11.041015596
11.046765699
11.0525920918
11.0584965275
11.0644807008
11.0705462486
11.0766947505
11.0829277284
11.0892466472
11.095652915
11.102147883
11.1087328463
11.1154090439
11.1221776594
11.1290398206
11.1359966008
11.1430490184
11.1501980378
11.1574445694
11.1647894704
11.1722335449
11.1797775446
11.1874221689
11.1951680657
11.2030158315
11.2109660124
11.2190191039
11.2271755517
11.2354357525
11.2438000538
11.2522687549
11.2608421073
11.2695203151
11.2783035355
11.2871918793
11.2961854115
11.305284152
11.3144880755
11.3237971126
11.33321115
11.3427300313
11.3523535572
11.3620814863
11.3719135354
11.3818493801
11.3918886554
11.4020309563
11.412275838
11.4226228168
11.4330713705
11.4436209386
11.4542709236
11.4650206908
11.4758695692
11.4868168518
11.4978617967
11.5090036267
11.5202415309
11.5315746644
11.5430021492
11.5545230748
11.5661364986
11.5778414467
11.589636914
11.6015218652
11.613495235
11.6255559291
11.6377028242
11.6499347691
11.6622505849
11.6746490656
11.6871289789
11.6996890665
11.7123280448
11.7250446055
11.7378374162
11.7507051208
11.7636463403
11.7766596731
11.7897436961
11.8028969646
11.8161180135
11.8294053575
11.842757492
11.8561728935
11.8696500202
11.8831873125
11.8967831943
11.9104360724
11.9241443384
11.9379063684
11.9517205239
11.9655851526
11.9794985889
11.9934591544
12.0074651588
12.0215149002
12.0356066662
12.0497387338
12.0639093711
12.0781168367
12.0923593816
12.1066352488
12.1209426745
12.1352798888
12.1496451159
12.1640365752
12.1784524819
12.1928910473
12.2073504798
12.2218289856
12.2363247691
12.2508360335
12.2653609819
12.2798978175
12.2944447446
12.308999969
12.3235616986
12.3381281444
12.3526975209
12.3672680467
12.3818379454
12.396405446
12.4109687835
12.4255261999
12.4400759444
12.4546162743
12.4691454555
12.4836617634
12.498163483
12.5126489099
12.5271163509
12.5415641245
12.5559905615
12.5703940054
12.5847728136
12.5991253572
12.6134500221
12.6277452094
12.6420093359
12.6562408348
12.6704381559
12.6845997667
12.6987241523
12.7128098164
12.7268552815
12.7408590894
12.754819802
12.7687360013
12.7826062903
12.7964292931
12.8102036555
12.8239280456
12.8376011537
12.8512216932
12.8647884008
12.8783000369
12.8917553859
12.9051532566
12.9184924825
12.9317719221
12.9449904594
12.9581470039
12.9712404911
12.9842698827
12.9972341667
13.0101323578
13.0229634978
13.0357266553
13.0484209264
13.0610454344
13.0735993305
13.0860817933
13.0984920296
13.110829274
13.1230927893
13.1352818662
13.1473958239
13.1594340097
13.1713957992
13.1832805964
13.1950878335
13.206816971
13.2184674977
13.2300389305
13.2415308146
13.2529427231
13.2642742571
13.2755250456
13.2866947453
13.2977830404
13.3087896427
13.3197142909
13.3305567513
13.3413168165
13.351994306
13.3625890658
13.3731009678
13.3835299101
13.3938758163
13.4041386352
13.4143183409
13.4244149321
13.4344284318
13.4443588874
13.4542063698
13.4639709731
13.4736528148
13.4832520347
13.4927687948
13.5022032792
13.511555693
13.5208262625
13.5300152345
13.5391228758
13.548149473
13.5570953315
13.5659607758
13.5747461484
13.5834518095
13.5920781366
13.6006255238
13.6090943817
13.6174851361
13.6257982284
13.6340341146
13.6421932646
13.650276162
13.6582833034
13.666215198
13.6740723667
13.681855342
13.689564667
13.6972008954
13.7047645901
13.7122563237
13.7196766768
13.7270262384
13.7343056047
13.7415153788
13.7486561702
13.7557285939
13.7627332702
13.7696708238
13.7765418836
13.7833470817
13.7900870532
13.7967624354
13.8033738673
13.8099219892
13.8164074418
13.822830866
13.8291929021
13.8354941894
13.8417353654
13.8479170656
13.8540399229
13.8601045667
13.8661116228
13.8720617127
13.8779554531
13.8837934553
13.8895763248
13.8953046608
13.9009790556
13.9066000943
13.9121683541
13.9176844038
13.9231488036
13.9285621044
13.9339248476
13.9392375641
13.9445007746
13.9497149887
13.9548807043
13.9599984078
13.9650685733
13.9700916619
13.9750681222
13.9799983888
13.9848828829
13.9897220113
13.9945161665
13.9992657258
14.0039710516
14.0086324905
14.0132503735
14.0178250152
14.0223567138
14.0268457508
14.0312923906
14.0356968804
14.0400594497
14.0443803102
14.0486596557
14.0528976616
14.0570944848
14.0612502636
14.0653651174
14.0694391463
14.0734724316
14.0774650347
14.0814169978
14.0853283433
14.0891990737
14.0930291717
14.0968185998
14.1005673004
14.1042751958
14.1079421879
14.1115681582
14.115152968
14.1186964579
14.1221984482
14.1256587387
14.1290771088
14.1324533172
14.1357871024
14.1390781824
14.1423262548
14.145530997
14.1486920661
14.151809099
14.1548817126
14.1579095037
14.1608920496
14.1638289076
14.1667196155
14.1695636917
14.1723606354
14.1751099265
14.1778110263
14.1804633773
14.1830664034
14.1856195105
14.1881220863
14.1905735007
14.1929731063
14.1953202381
14.1976142145
14.199854337
14.2020398909
14.2041701453
14.2062443535
14.2082617538
14.210221569
14.2121230075
14.2139652633
14.2157475165
14.2174689336
14.2191286681
14.2207258606
14.2222596395
14.2237291214
14.2251334112
14.2264716033
14.2277427811
14.2289460183
14.2300803789
14.2311449179
14.2321386816
14.2330607084
14.2339100291
14.2346856674
14.2353866408
14.2360119605
14.2365606324
14.2370316579
14.2374240336
14.2377367529
14.2379688056
14.2381191794
14.2381868598
14.238170831
14.2380700763
14.2378835793
14.2376103236
14.237249294
14.2367994772
14.2362598621
14.2356294404
14.2349072077
14.2340921636
14.2331833126
14.2321796649
14.2310802365
14.2298840504
14.2285901371
14.227197535
14.2257052914
14.2241124627
14.2224181157
14.2206213276
14.2187211868
14.2167167939
14.2146072621
14.2123917175
14.2100693004
14.2076391653
14.2051004821
14.2024524363
14.1996942295
14.1968250807
14.1938442262
14.1907509206
14.1875444371
14.1842240684
14.1807891272
14.1772389465
14.1735728804
14.1697903048
14.1658906177
14.1618732396
14.1577376146
14.1534832104
14.1491095187
14.1446160564
14.1400023653
14.135268013
14.1304125935
14.1254357269
14.1203370609
14.1151162703
14.1097730579
14.1043071548
14.0987183206
14.093006344
14.087171043
14.0812122652
14.0751298885
14.0689238206
14.0625940002
14.0561403965
14.0495630101
14.0428618725
14.0360370471
14.0290886288
14.0220167445
14.014821553
14.0075032454
14.000062045
13.9924982077
13.9848120217
13.9770038078
13.9690739195
13.9610227428
13.9528506963
13.9445582313
13.9361458318
13.9276140142
13.9189633271
13.910194352
13.9013077023
13.8923040236
13.8831839936
13.8739483215
13.8645977484
13.8551330468
13.8455550202
13.8358645032
13.8260623609
13.8161494891
13.8061268134
13.7959952893
13.7857559015
13.7754096642
13.7649576198
13.7544008395
13.743740422
13.7329774936
13.7221132077
13.7111487441
13.7000853089
13.6889241335
13.6776664748
13.6663136139
13.6548668561
13.64332753
13.6316969875
13.6199766023
13.6081677704
13.5962719085
13.5842904539
13.5722248639
13.560076615
13.5478472021
13.5355381384
13.5231509541
13.5106871958
13.4981484262
13.485536223
13.4728521786
13.4600978987
13.4472750024
13.4343851207
13.4214298964
13.4084109828
13.3953300432
13.3821887504
13.3689887852
13.3557318366
13.3424196
13.3290537772
13.3156360753
13.3021682059
13.2886518843
13.2750888288
13.2614807598
13.2478293991
13.234136469
13.2204036915
13.2066327878
13.1928254769
13.1789834752
13.1651084959
13.1512022476
13.1372664341
13.1233027532
13.1093128961
13.0952985466
13.0812613801
13.0672030632
13.0531252526
13.0390295944
13.0249177233
13.010791262
12.9966518204
12.9825009946
12.9683403662
12.9541715019
12.9399959524
12.9258152518
12.9116309168
12.8974444461
12.8832573196
12.8690709976
12.8548869204
12.8407065071
12.8265311556
12.8123622412
12.7982011166
12.7840491107
12.7699075281
12.7557776488
12.7416607271
12.7275579912
12.7134706425
12.6993998552
12.6853467755
12.671312521
12.6572981801
12.6433048119
12.629333445
12.6153850772
12.6014606753
12.587561174
12.5736874759
12.5598404508
12.5460209349
12.532229731
12.5184676077
12.5047352986
12.4910335025
12.4773628826
12.4637240663
12.4501176444
12.4365441713
12.4230041642
12.409498103
12.3960264299
12.3825895488
12.3691878255
12.355821587
12.3424911216
12.329196678
12.3159384659
12.3027166552
12.2895313759
12.2763827178
12.263270731
12.2501954249
12.2371567681
12.2241546891
12.2111890756
12.1982597742
12.1853665908
12.1725092906
12.1596875978
12.1469011955
12.1341497263
12.1214327916
12.1087499526
12.0961007294
12.0834846017
12.070901009
12.0583493506
12.0458289855
12.0333392335
12.0208793746
12.0084486495
11.9960462603
11.9836713704
11.9713231048
11.9590005513
11.9467027597
11.9344287435
11.9221774796
11.909947909
11.8977389377
11.8855494366
11.8733782432
11.861224161
11.8490859617
11.8369623842
11.8248521371
11.8127538984
11.8006663169
11.7885880127
11.7765175788
11.7644535814
11.7523945611
11.740339035
11.7282854959
11.7162324154
11.7041782437
11.6921214119
11.6800603325
11.6679934016
11.6559189996
11.6438354929
11.6317412356
11.6196345708
11.6075138326
11.5953773475
11.5832234362
11.5710504148
11.5588565982
11.5466403001
11.5343998364
11.5221335261
11.5098396945
11.4975166743
11.4851628084
11.4727764514
11.4603559731
11.4478997594
11.435406216
11.4228737696
11.4103008716
11.397686
11.3850276615
11.3723243956
11.3595747759
11.3467774138
11.3339309607
11.3210341115
11.3080856069
11.295084237
11.2820288435
11.268918324
11.2557516339
11.2425277906
11.2292458761
11.21590504
11.2025045042
11.1890435646
11.1755215959
11.1619380538
11.1482924798
11.1345845038
11.120813848
11.1069803306
11.0930838693
11.0791244855
11.0651023071
11.0510175733
11.0368706375
11.022661972
11.0083921714
10.9940619562
10.9796721775
10.9652238204
10.9507180085
10.9361560073
10.9215392286
10.906869235
10.892147743
10.8773766281
10.8625579289
10.8476938505
10.8327867699
10.8178392393
10.802853991
10.7878339417
10.7727821961
10.7577020532
10.7425970086
10.7274707607
10.7123272139
10.6971704849
10.6820049056
10.6668350293
10.6516656344
10.6365017311
10.6213485638
10.6062116184
10.5910966267
10.5760095713
10.5609566923
10.5459444912
10.5309797381
10.5160694763
10.5012210299
10.4864420081
10.4717403137
10.457124148
10.4426020185
10.4281827462
10.4138754728
10.3996896684
10.3856351395
10.3717220375
10.357960868
10.3443624989
10.330938171
10.3176995082
10.3046585278
10.291827651
10.2792197162
10.2668479907
10.2547261838
10.2428684611
10.2312894587
10.2200042992
10.2090286086
10.1983785321
10.1880707559
10.1781225232
10.1685516582
10.1593765871
10.1506163619
10.1422906865
10.1344199423
10.1270252185
10.1201283425
10.1137519112
10.1079193288
10.1026548414
10.0979835786
10.0939315964
10.0905259219
10.0877946037
10.0857667637
10.0844726528
10.0839437133
10.084212642
10.085313461
10.0872815914
10.0901539356
10.0939689618
10.0987667995
10.1045893384
10.1114803375
10.1194855417
10.1286528087
10.1390322453
10.1506763544
10.1636401957
10.1779815583
10.1937611488
10.2110427956
10.2298936695
10.2503845258
10.2725899657
10.2965887229
10.3224639766
10.3503036907
10.3802009894
10.4122545646
10.446569124
10.4832558854
10.5224331168
10.5642267341
10.6087709588
10.6562090463
10.70669409
10.7603899157
10.8174720706
10.8781289282
10.942562918
11.0109918967
11.0836506884
11.1607928072
11.2426923958
11.3296464099
11.4219770853
11.5200347294
11.6242008957
11.73489199
11.8525633946
11.9777141858
12.110892555
12.2527020572
12.4038088318
12.5649499891
12.7369433769
12.9206990036
13.1172324567
