1000 22.0
10.0335568743
10.0317941256
10.0301286255
10.0285597633
10.0270869353
10.0257095453
10.0244270038
10.0232387282
10.0221441427
10.0211426783
10.0202337725
10.019416869
10.0186914183
10.0180568768
10.0175127073
10.0170583785
10.0166933651
10.0164171477
10.0162292128
10.0161290524
10.0161161642
10.0161900514
10.0163502227
10.0165961921
10.0169274788
10.0173436072
10.0178441069
10.0184285125
10.0190963634
10.0198472039
10.0206805833
10.0215960554
10.0225931786
10.0236715161
10.0248306353
10.0260701083
10.0273895113
10.0287884249
10.0302664341
10.0318231276
10.0334580986
10.035170944
10.036961265
10.0388286664
10.0407727568
10.0427931488
10.0448894585
10.0470613058
10.049308314
10.0516301101
10.0540263244
10.0564965907
10.0590405462
10.0616578312
10.0643480896
10.0671109681
10.0699461167
10.0728531886
10.0758318398
10.0788817294
10.0820025194
10.0851938747
10.088455463
10.0917869549
10.0951880234
10.0986583446
10.102197597
10.1058054616
10.1094816222
10.1132257649
10.1170375783
10.1209167535
10.1248629837
10.1288759647
10.1329553945
10.1371009733
10.1413124034
10.1455893894
10.149931638
10.1543388578
10.1588107597
10.1633470562
10.1679474622
10.1726116941
10.1773394705
10.1821305117
10.1869845396
10.1919012781
10.1968804529
10.201921791
10.2070250215
10.2121898748
10.2174160829
10.2227033795
10.2280514996
10.2334601799
10.2389291583
10.2444581743
10.2500469686
10.2556952834
10.2614028621
10.2671694493
10.272994791
10.2788786344
10.2848207276
10.2908208201
10.2968786625
10.3029940065
10.3091666046
10.3153962106
10.3216825791
10.3280254658
10.3344246272
10.3408798208
10.3473908049
10.3539573387
10.3605791822
10.3672560961
10.3739878419
10.3807741818
10.3876148789
10.3945096966
10.4014583993
10.4084607518
10.4155165196
10.4226254686
10.4297873655
10.4370019772
10.4442690714
10.4515884159
10.4589597793
10.4663829304
10.4738576383
10.4813836727
10.4889608033
10.4965888006
10.5042674348
10.5119964767
10.5197756973
10.5276048678
10.5354837594
10.5434121438
10.5513897924
10.5594164772
10.5674919699
10.5756160423
10.5837884665
10.5920090144
10.600277458
10.6085935691
10.6169571196
10.6253678814
10.6338256261
10.6423301253
10.6508811504
10.6594784727
10.6681218633
10.6768110932
10.6855459329
10.6943261528
10.7031515232
10.7120218138
10.7209367942
10.7298962336
10.7388999009
10.7479475646
10.7570389926
10.7661739528
10.7753522123
10.7845735379
10.7938376959
10.8031444522
10.812493572
10.8218848202
10.8313179608
10.8407927576
10.8503089736
10.8598663712
10.8694647123
10.8791037579
10.8887832687
10.8985030043
10.908262724
10.918062186
10.927901148
10.9377793669
10.9476965987
10.9576525989
10.9676471218
10.9776799211
10.9877507497
10.9978593595
11.0080055015
11.018188926
11.0284093821
11.0386666182
11.0489603817
11.0592904189
11.0696564753
11.0800582952
11.0904956221
11.1009681983
11.1114757651
11.1220180629
11.1325948307
11.1432058067
11.1538507278
11.1645293298
11.1752413475
11.1859865144
11.1967645628
11.207575224
11.2184182279
11.2292933033
11.2402001777
11.2511385774
11.2621082274
11.2731088516
11.2841401723
11.2952019108
11.3062937869
11.3174155192
11.3285668248
11.3397474196
11.3509570181
11.3621953333
11.373462077
11.3847569595
11.3960796896
11.4074299748
11.4188075212
11.4302120332
11.4416432141
11.4531007654
11.4645843872
11.4760937783
11.4876286357
11.4991886551
11.5107735305
11.5223829545
11.5340166181
11.5456742107
11.5573554202
11.5690599329
11.5807874335
11.592537605
11.604310129
11.6161046853
11.6279209522
11.6397586062
11.6516173224
11.6634967741
11.6753966329
11.6873165689
11.6992562502
11.7112153437
11.7231935142
11.7351904249
11.7472057376
11.7592391119
11.771290206
11.7833586763
11.7954441776
11.8075463627
11.819664883
11.8317993878
11.8439495248
11.8561149402
11.868295278
11.8804901808
11.8926992893
11.9049222423
11.917158677
11.9294082289
11.9416705316
11.9539452168
11.9662319146
11.9785302534
11.9908398595
12.0031603577
12.0154913708
12.0278325201
12.0401834247
12.0525437024
12.0649129688
12.0772908378
12.0896769217
12.1020708308
12.1144721737
12.1268805572
12.1392955864
12.1517168645
12.1641439929
12.1765765713
12.1890141977
12.2014564681
12.2139029769
12.2263533168
12.2388070784
12.251263851
12.2637232219
12.2761847765
12.2886480988
12.3011127709
12.3135783731
12.3260444841
12.3385106808
12.3509765383
12.3634416303
12.3759055286
12.3883678032
12.4008280226
12.4132857537
12.4257405614
12.4381920093
12.4506396592
12.4630830713
12.4755218041
12.4879554147
12.5003834582
12.5128054886
12.5252210581
12.5376297171
12.5500310148
12.5624244987
12.5748097149
12.5871862078
12.5995535203
12.6119111941
12.6242587691
12.6365957839
12.6489217757
12.6612362802
12.6735388316
12.685828963
12.6981062058
12.7103700902
12.7226201452
12.7348558981
12.7470768754
12.7592826018
12.7714726011
12.7836463958
12.795803507
12.8079434547
12.8200657578
12.8321699339
12.8442554997
12.8563219704
12.8683688603
12.8803956828
12.89240195
12.9043871731
12.9163508622
12.9282925266
12.9402116743
12.9521078128
12.9639804484
12.9758290867
12.9876532323
12.999452389
13.0112260599
13.0229737472
13.0346949525
13.0463891767
13.0580559197
13.0696946811
13.0813049596
13.0928862537
13.1044380608
13.1159598782
13.1274512024
13.1389115296
13.1503403555
13.1617371754
13.1731014841
13.1844327762
13.1957305459
13.2069942872
13.2182234937
13.2294176589
13.2405762761
13.2516988384
13.262784839
13.2738337706
13.2848451262
13.2958183987
13.306753081
13.3176486661
13.328504647
13.3393205171
13.3500957696
13.3608298982
13.3715223968
13.3821727594
13.3927804807
13.4033450553
13.4138659786
13.4243427463
13.4347748544
13.4451617998
13.4555030796
13.4657981918
13.4760466347
13.4862479078
13.4964015108
13.5065069444
13.5165637101
13.5265713104
13.5365292483
13.5464370282
13.5562941552
13.5661001353
13.575854476
13.5855566854
13.5952062732
13.60480275
13.6143456276
13.6238344195
13.6332686399
13.6426478049
13.6519714318
13.6612390393
13.6704501476
13.6796042787
13.6887009558
13.697739704
13.7067200501
13.7156415224
13.7245036512
13.7333059685
13.7420480081
13.7507293059
13.7593493995
13.7679078287
13.7764041354
13.7848378632
13.7932085582
13.8015157686
13.8097590448
13.8179379393
13.8260520072
13.8341008058
13.8420838948
13.8500008364
13.8578511952
13.8656345385
13.873350436
13.8809984602
13.8885781861
13.8960891916
13.9035310573
13.9109033665
13.9182057055
13.9254376634
13.9325988323
13.9396888072
13.9467071863
13.9536535708
13.9605275649
13.9673287761
13.974056815
13.9807112955
13.9872918349
13.9937980537
14.0002295758
14.0065860284
14.0128670425
14.0190722522
14.0252012955
14.0312538137
14.0372294519
14.0431278588
14.0489486868
14.0546915921
14.0603562346
14.0659422782
14.0714493904
14.0768772429
14.0822255111
14.0874938745
14.0926820167
14.0977896251
14.1028163914
14.1077620114
14.1126261851
14.1174086165
14.1221090142
14.1267270907
14.131262563
14.1357151525
14.1400845847
14.1443705899
14.1485729025
14.1526912616
14.1567254107
14.1606750978
14.1645400755
14.1683201011
14.1720149364
14.175624348
14.1791481069
14.1825859892
14.1859377755
14.1892032511
14.1923822063
14.1954744362
14.1984797406
14.2013979243
14.2042287969
14.206972173
14.2096278722
14.2121957189
14.2146755425
14.2170671777
14.2193704639
14.2215852456
14.2237113726
14.2257486995
14.2276970863
14.2295563978
14.2313265042
14.2330072807
14.2345986079
14.2361003713
14.2375124619
14.2388347756
14.2400672138
14.2412096831
14.2422620952
14.2432243672
14.2440964215
14.2448781857
14.2455695929
14.2461705811
14.2466810941
14.2471010806
14.247430495
14.2476692968
14.2478174508
14.2478749274
14.2478417021
14.2477177559
14.247503075
14.2471976511
14.2468014813
14.2463145679
14.2457369187
14.2450685466
14.2443094703
14.2434597133
14.242519305
14.2414882798
14.2403666774
14.2391545432
14.2378519274
14.2364588861
14.2349754802
14.2334017763
14.2317378461
14.2299837666
14.22813962
14.2262054941
14.2241814816
14.2220676805
14.2198641943
14.2175711315
14.2151886057
14.2127167359
14.2101556463
14.2075054661
14.2047663296
14.2019383766
14.1990217515
14.1960166042
14.1929230894
14.189741367
14.1864716019
14.183113964
14.1796686282
14.1761357744
14.1725155873
14.1688082567
14.1650139771
14.1611329482
14.1571653742
14.1531114643
14.1489714324
14.1447454973
14.1404338824
14.1360368159
14.1315545306
14.1269872642
14.1223352586
14.1175987607
14.1127780218
14.1078732977
14.1028848487
14.0978129396
14.0926578398
14.0874198229
14.0820991668
14.076696154
14.0712110711
14.0656442092
14.0599958632
14.0542663327
14.0484559212
14.0425649363
14.0365936898
14.0305424975
14.0244116793
14.0182015588
14.0119124638
14.0055447261
13.999098681
13.9925746679
13.9859730299
13.9792941139
13.9725382702
13.9657058533
13.9587972208
13.9518127342
13.9447527584
13.9376176619
13.9304078164
13.9231235974
13.9157653833
13.9083335564
13.9008285017
13.8932506078
13.8856002663
13.8778778722
13.8700838234
13.8622185209
13.8542823687
13.8462757738
13.8381991462
13.8300528987
13.8218374469
13.8135532093
13.8052006071
13.7967800643
13.7882920073
13.7797368654
13.7711150704
13.7624270564
13.7536732604
13.7448541213
13.7359700809
13.727021583
13.7180090739
13.708933002
13.6997938179
13.6905919745
13.6813279267
13.6720021314
13.6626150478
13.6531671368
13.6436588612
13.6340906859
13.6244630776
13.6147765046
13.6050314371
13.595228347
13.5853677078
13.5754499946
13.5654756841
13.5554452546
13.5453591857
13.5352179585
13.5250220556
13.5147719607
13.504468159
13.4941111369
13.483701382
13.473239383
13.4627256298
13.4521606134
13.4415448256
13.4308787596
13.4201629091
13.4093977691
13.3985838351
13.3877216036
13.376811572
13.3658542381
13.3548501008
13.3437996593
13.3327034135
13.3215618639
13.3103755116
13.2991448581
13.2878704054
13.2765526557
13.2651921119
13.2537892769
13.2423446541
13.2308587471
13.2193320597
13.2077650957
13.1961583594
13.1845123548
13.1728275862
13.1611045578
13.1493437739
13.1375457387
13.1257109561
13.1138399302
13.1019331648
13.0899911634
13.0780144294
13.0660034659
13.0539587757
13.0418808611
13.0297702243
13.017627367
13.0054527903
12.9932469951
12.9810104815
12.9687437494
12.9564472979
12.9441216254
12.9317672301
12.919384609
12.906974259
12.8945366757
12.8820723543
12.8695817892
12.8570654739
12.8445239011
12.8319575627
12.8193669496
12.8067525518
12.7941148585
12.7814543579
12.7687715369
12.7560668818
12.7433408775
12.7305940082
12.7178267568
12.7050396049
12.6922330332
12.6794075213
12.6665635474
12.6537015886
12.6408221207
12.6279256184
12.6150125549
12.6020834022
12.589138631
12.5761787108
12.5632041095
12.5502152936
12.5372127285
12.524196878
12.5111682043
12.4981271685
12.48507423
12.4720098467
12.4589344752
12.4458485703
12.4327525854
12.4196469725
12.4065321817
12.3934086618
12.3802768599
12.3671372215
12.3539901904
12.340836209
12.3276757176
12.3145091554
12.3013369594
12.2881595653
12.2749774069
12.2617909162
12.2486005239
12.2354066584
12.2222097467
12.2090102141
12.1958084839
12.1826049778
12.1694001155
12.1561943153
12.1429879933
12.129781564
12.11657544
12.1033700322
12.0901657496
12.0769629994
12.0637621867
12.0505637152
12.0373679864
12.0241754001
12.0109863542
11.9978012447
11.9846204657
11.9714444096
11.9582734667
11.9451080255
11.9319484727
11.918795193
11.9056485692
11.8925089823
11.8793768113
11.8662524334
11.8531362238
11.8400285559
11.8269298011
11.813840329
11.8007605071
11.7876907013
11.7746312753
11.7615825911
11.7485450087
11.7355188863
11.72250458
11.7095024442
11.6965128313
11.683536092
11.6705725747
11.6576226262
11.6446865916
11.6317648136
11.6188576335
11.6059653904
11.5930884217
11.580227063
11.5673816477
11.5545525078
11.541739973
11.5289443714
11.5161660293
11.503405271
11.4906624191
11.4779377942
11.4652317152
11.4525444992
11.4398764615
11.4272279154
11.4145991727
11.4019905431
11.3894023348
11.376834854
11.3642884053
11.3517632914
11.3392598134
11.3267782705
11.3143189603
11.3018821785
11.2894682192
11.2770773748
11.264709936
11.2523661917
11.2400464293
11.2277509342
11.2154799906
11.2032338806
11.191012885
11.1788172827
11.1666473511
11.154503366
11.1423856016
11.1302943305
11.1182298235
11.1061923503
11.0941821785
11.0821995746
11.0702448033
11.0583181278
11.0464198099
11.0345501099
11.0227092864
11.0108975967
10.9991152966
10.9873626404
10.9756398811
10.9639472701
10.9522850575
10.9406534919
10.9290528205
10.9174832893
10.9059451427
10.894438624
10.8829639749
10.8715214359
10.8601112463
10.8487336439
10.8373888653
10.8260771459
10.8147987197
10.8035538197
10.7923426773
10.7811655231
10.7700225862
10.7589140946
10.7478402753
10.7368013538
10.7257975548
10.7148291017
10.7038962168
10.6929991214
10.6821380355
10.6713131784
10.6605247679
10.6497730212
10.6390581543
10.6283803821
10.6177399186
10.6071369768
10.596571769
10.5860445061
10.5755553984
10.5651046552
10.554692485
10.5443190954
10.5339846929
10.5236894835
10.5134336722
10.5032174632
10.4930410601
10.4829046653
10.472808481
10.4627527082
10.4527375473
10.4427631982
10.4328298599
10.4229377308
10.4130870087
10.4032778905
10.3935105729
10.3837852517
10.3741021223
10.3644613793
10.354863217
10.3453078291
10.3357954087
10.3263261484
10.3169002406
10.3075178769
10.2981792486
10.2888845467
10.2796339616
10.2704276835
10.2612659021
10.2521488068
10.2430765867
10.2340494307
10.2250675271
10.2161310643
10.2072402302
10.1983952125
10.189596199
10.1808433768
10.1721369333
10.1634770555
10.1548639302
10.1462977444
10.1377786848
10.1293069379
10.1208826906
10.1125061292
10.1041774405
10.095896811
10.0876644273
10.0794804762
10.0713451445
10.0632586189
10.0552210865
10.0472327345
10.03929375
10.0314043207
10.0235646341
10.0157748783
10.0080352413
10.0003459116
9.99270707788
9.98511892929
9.97758165516
9.97009544525
9.96266048969
9.95527697902
9.94794510421
9.9406650567
9.93343702838
9.92626121167
9.91913779948
9.91206698531
9.90504896319
9.89808392779
9.89117207435
9.88431359881
9.87750869774
9.87075756841
9.86406040883
9.85741741774
9.85082879465
9.84429473988
9.83781545454
9.83139114062
