1000 57.0
-137.967961511
-139.915976683
-141.904328616
-143.9341588
-146.006650542
-148.123030864
-150.284572511
-152.492596067
-154.748472191
-157.05362398
-159.40952946
-161.817724225
-164.27980423
-166.797428742
-169.372323467
-172.006283867
-174.701178669
-177.458953597
-180.28163532
-183.171335659
-186.130256046
-189.160692273
-192.265039536
-195.445797816
-198.705577601
-202.047105993
-205.473233218
-208.986939578
-212.591342877
-216.289706358
-220.085447197
-223.982145594
-227.983554515
-232.093610141
-236.316443078
-240.656390397
-245.118008586
-249.70608747
-254.425665219
-259.282044516
-264.280809998
-269.427847105
-274.729362439
-280.191905815
-285.822394134
-291.628137277
-297.616866223
-303.796763601
-310.176496939
-316.765254897
-323.572786774
-330.609445675
-337.88623571
-345.414863687
-353.207795805
-361.278319907
-369.640613966
-378.309821508
-387.302134839
-396.634887018
-406.326653663
-416.397365851
-426.868435541
-437.762895166
-449.105553311
-460.92316866
-473.244644789
-486.101248753
-499.526856944
-513.558232267
-528.235337388
-543.601689654
-559.704764294
-576.596453748
-594.333592441
-612.978558165
-632.599963416
-653.2734528
-675.082625995
-698.120109928
-722.488809119
-748.303369698
-775.691900936
-804.798008746
-835.783209153
-868.829807213
-904.144349599
-941.96178879
-982.550536033
-1026.21863259
-1073.32133899
-1124.27053768
-1179.5464753
-1239.7125535
-1305.43413303
-1377.50268206
-1456.86712859
-1544.67505554
-1642.32754265
-1751.55323748
-1874.51000981
-2013.92696614
-2173.30684389
-2357.22101959
-2571.75065541
-2825.16604289
-3129.00903261
-3499.88820271
-3962.60179129
-4555.89522049
-5343.87050673
-6440.78661967
-8072.04586404
-10752.7578021
-15973.5523467
-30586.3424932
-305838.967253
38951.9258476
18472.3348304
12177.3678939
9121.7126132
7317.20589108
6126.3724188
5281.93969806
4652.17172754
4164.620868
3776.14745601
3459.46079049
3196.45310935
2974.63696401
2785.12176294
2621.40579484
2478.62444081
2353.06548569
2241.84700538
2142.69757826
2053.80280516
1973.69591651
1901.17836704
1835.26124667
1775.12140766
1720.06816903
1669.51773809
1622.97334011
1580.00962327
1540.26030303
1503.40828718
1469.17771941
1437.3275203
1407.64610695
1379.94704788
1354.06546554
1329.85504058
1307.18550384
1285.94052574
1266.01593184
1247.31818711
1229.76310307
1213.27473055
1197.78440775
1183.22993892
1169.55488332
1156.70793756
1144.64239758
1133.31568855
1122.68895294
1112.72668885
1103.39643146
1094.66847204
1086.51560948
1078.91293014
1071.83761256
1065.26875386
1059.18721532
1053.57548474
1048.41755376
1043.69880845
1039.40593164
1035.52681581
1032.05048537
1028.96702748
1026.26753049
1023.94402933
1021.98945725
1020.39760327
1019.16307502
1018.28126643
1017.74833004
1017.56115351
1017.71734021
1018.21519361
1019.05370532
1020.23254666
1021.75206365
1023.61327535
1025.81787561
1028.36823804
1031.26742445
1034.51919667
1038.12803187
1042.09914162
1046.43849464
1051.15284364
1056.24975646
1061.73765158
1067.62583868
1073.92456435
1080.6450635
1087.79961703
1095.40161623
1103.46563469
1112.00750841
1121.04442504
1130.59502318
1140.67950305
1151.31974959
1162.53946972
1174.36434545
1186.82220475
1199.94321255
1213.76008453
1228.30832684
1243.62650517
1259.75654752
1276.7440855
1294.6388398
1313.49505661
1333.37200288
1354.3345298
1376.4537155
1399.80760034
1424.48203045
1450.57162867
1478.18091555
1507.42560842
1538.43413197
1571.34938188
1606.330792
1643.55676791
1683.22756478
1725.56870705
1770.83507263
1819.31579738
1871.34019846
1927.28497239
1987.58299958
2052.73418976
2123.31894221
2200.01498715
2283.61864209
2375.07189542
2475.49726961
2586.24320253
2708.94384461
2845.5989132
2998.68191738
3171.28925271
3367.3493816
3591.92238352
3851.6389577
4155.36098963
4515.20612292
4948.19401837
5479.00391073
6144.82961702
7004.46345727
8156.63640382
9780.86926979
12241.3608581
16406.6871817
24985.3281209
52881.8915674
-418775.501019
-41895.6049869
-21962.9827598
-14842.6886214
-11186.4938269
-8961.34394813
-7464.78486646
-6389.46081151
-5579.57801426
-4947.73573446
-4441.10747087
-4025.8833638
-3679.41966183
-3385.98064644
-3134.29100249
-2916.06000426
-2725.05529531
-2556.50143575
-2406.67769758
-2272.64212965
-2152.03794361
-2042.95492537
-1943.8284527
-1853.36472863
-1770.48462012
-1694.28091538
-1623.98540278
-1558.94323546
-1498.59276737
-1442.44954528
-1390.09349041
-1341.15855222
-1295.32429542
-1252.30901132
-1211.86404107
-1173.76906875
-1137.82819675
-1103.86665547
-1071.72803121
-1041.27191917
-1012.37192765
-984.913973482
-958.794820337
-933.920820466
-910.20682761
-887.575254495
-865.955252967
-845.28199856
-825.496064281
-806.54287091
-788.372203125
-770.937782431
-754.196889262
-738.11002779
-722.640627892
-707.754779575
-693.420995804
-679.610000245
-666.294536933
-653.449199256
-641.050276017
-629.075612614
-617.504485626
-606.317489333
-595.496432853
-585.024246763
-574.884898198
-565.063313538
-555.545307914
-546.317520832
-537.367357309
-528.682933979
-520.253029682
-512.067040113
-504.114936143
-496.38722547
-488.874917295
-481.56948975
-474.462859827
-467.547355589
-460.815690466
-454.260939451
-447.876517038
-441.656156753
-435.593892147
-429.68403913
-423.921179536
-418.300145819
-412.816006801
-407.464054367
-402.239791059
-397.13891848
-392.157326457
-387.291082902
-382.536424323
-377.889746934
-373.347598311
-368.906669582
-364.563788078
-360.31591044
-356.160116137
-352.093601368
-348.113673323
-344.217744777
-340.403329006
-336.668034976
-333.009562821
-329.425699565
-325.914315085
-322.4733583
-319.100853559
-315.794897232
-312.553654485
-309.375356217
-306.258296169
-303.200828178
-300.201363575
-297.258368715
-294.370362638
-291.535914839
-288.753643159
-286.022211775
-283.34032929
-280.70674692
-278.120256763
-275.579690155
-273.083916104
-270.631839799
-268.222401184
-265.854573608
-263.527362527
-261.239804272
-258.990964872
-256.779938931
-254.605848551
-252.467842308
-250.365094272
-248.296803068
-246.262190983
-244.260503102
-242.291006493
-240.35298942
-238.445760588
-236.568648425
-234.72100039
-232.90218231
-231.111577748
-229.348587393
-227.612628476
-225.903134209
-224.219553249
-222.56134918
-220.928000019
-219.318997737
-217.733847805
-216.17206875
-214.633191736
-213.116760154
-211.622329234
-210.149465666
-208.69774724
-207.266762496
-205.85611039
-204.465399967
-203.094250056
-201.742288966
-200.409154197
-199.094492161
-197.797957919
-196.519214913
-195.257934724
-194.013796827
-192.786488361
-191.575703901
-190.381145248
-189.20252121
-188.039547411
-186.891946089
-185.759445908
-184.641781778
-183.538694681
-182.449931495
-181.375244835
-180.314392891
-179.267139276
-178.233252876
-177.212507708
-176.204682777
-175.209561946
-174.226933802
-173.256591531
-172.298332796
-171.351959618
-170.417278262
-169.494099124
-168.582236626
-167.68150911
-166.791738737
-165.912751388
-165.044376572
-164.18644733
-163.338800149
-162.501274871
-161.673714614
-160.855965687
-160.047877511
-159.249302544
-158.460096202
-157.680116793
-156.909225441
-156.14728602
-155.394165088
-154.649731822
-153.913857954
-153.186417712
-152.467287761
-151.756347144
-151.053477227
-150.358561643
-149.671486243
-148.992139042
-148.320410167
-147.656191813
-146.999378194
-146.349865493
-145.707551825
-145.072337186
-144.444123415
-143.822814153
-143.208314799
-142.600532474
-141.999375983
-141.404755777
-140.816583916
-140.234774036
-139.659241314
-139.089902433
-138.526675552
-137.969480272
-137.418237608
-136.872869953
-136.333301059
-135.799455996
-135.271261135
-134.748644113
-134.231533811
-133.719860327
-133.21355495
-132.712550135
-132.216779482
-131.726177709
-131.24068063
-130.760225136
-130.284749168
-129.814191699
-129.348492714
-128.887593187
-128.431435064
-127.979961239
-127.533115543
-127.090842718
-126.653088404
-126.219799118
-125.79092224
-125.366405994
-124.946199432
-124.53025242
-124.118515618
-123.71094047
-123.307479186
-122.908084727
-122.512710793
-122.121311807
-121.733842904
-121.350259912
-120.970519347
-120.594578394
-120.222394897
-119.853927347
-119.489134868
-119.12797721
-118.770414731
-118.416408392
-118.065919742
-117.718910909
-117.375344591
-117.035184041
-116.698393063
-116.364935997
-116.034777713
-115.7078836
-115.384219558
-115.063751986
-114.746447777
-114.432274308
-114.12119943
-113.813191461
-113.508219178
-113.20625181
-112.907259027
-112.611210937
-112.318078073
-112.027831392
-111.740442263
-111.45588246
-111.174124159
-110.895139928
-110.618902721
-110.345385873
-110.074563089
-109.806408446
-109.540896378
-109.278001678
-109.017699484
-108.75996528
-108.504774888
-108.252104461
-108.00193048
-107.754229746
-107.508979379
-107.266156808
-107.025739769
-106.787706297
-106.552034728
-106.318703685
-106.087692081
-105.85897911
-105.632544244
-105.408367228
-105.186428079
-104.966707075
-104.749184758
-104.533841924
-104.320659623
-104.109619155
-103.900702062
-103.693890129
-103.489165378
-103.286510065
-103.085906674
-102.887337918
-102.690786732
-102.496236271
-102.303669905
-102.113071218
-101.924424003
-101.737712262
-101.552920196
-101.370032211
-101.189032907
-101.009907079
-100.832639715
-100.65721599
-100.483621265
-100.311841084
-100.141861172
-99.9736674311
-99.8072459377
-99.6425829412
-99.4796648608
-99.3184782827
-99.1590099582
-99.0012468008
-98.8451758842
-98.6907844396
-98.5380598537
-98.3869896662
-98.2375615676
-98.0897633973
-97.9435831409
-97.7990089286
-97.6560290327
-97.5146318659
-97.3748059789
-97.2365400587
-97.0998229264
-96.9646435355
-96.8309909697
-96.6988544414
-96.5682232894
-96.4390869775
-96.3114350924
-96.1852573422
-96.0605435543
-95.9372836741
-95.8154677629
-95.6950859966
-95.5761286639
-95.4585861645
-95.3424490078
-95.2277078113
-95.1143532988
-95.0023762991
-94.8917677446
-94.7825186692
-94.6746202078
-94.5680635939
-94.462840159
-94.3589413306
-94.2563586309
-94.1550836759
-94.0551081734
-93.9564239221
-93.8590228103
-93.7628968142
-93.6680379971
-93.5744385079
-93.4820905798
-93.3909865292
-93.3011187545
-93.2124797349
-93.1250620289
-93.0388582736
-92.9538611834
-92.8700635485
-92.7874582344
-92.7060381802
-92.6257963979
-92.5467259711
-92.4688200541
-92.3920718705
-92.3164747126
-92.2420219399
-92.1687069786
-92.0965233201
-92.0254645202
-91.9555241982
-91.8866960356
-91.8189737755
-91.7523512215
-91.6868222367
-91.6223807426
-91.5590207185
-91.4967362004
-91.4355212801
-91.3753701043
-91.3162768737
-91.258235842
-91.2012413152
-91.1452876508
-91.0903692565
-91.0364805898
-90.983616157
-90.9317705123
-90.8809382568
-90.8311140383
-90.7822925495
-90.7344685283
-90.6876367559
-90.6417920569
-90.596929298
-90.5530433871
-90.5101292731
-90.4681819446
-90.4271964292
-90.387167793
-90.3480911395
-90.3099616091
-90.2727743782
-90.2365246585
-90.2012076963
-90.1668187715
-90.1333531973
-90.1008063192
-90.0691735142
-90.0384501902
-90.0086317855
-89.9797137675
-89.9516916325
-89.924560905
-89.8983171364
-89.8729559052
-89.8484728154
-89.8248634965
-89.8021236023
-89.7802488105
-89.7592348222
-89.7390773605
-89.7197721705
-89.7013150185
-89.6837016909
-89.6669279941
-89.6509897534
-89.6358828125
-89.6216030328
-89.6081462926
-89.5955084868
-89.5836855258
-89.572673335
-89.5624678542
-89.553065037
-89.5444608497
-89.5366512712
-89.5296322921
-89.5233999138
-89.5179501483
-89.5132790172
-89.5093825511
-89.506256789
-89.5038977776
-89.5023015707
-89.5014642285
-89.5013818169
-89.5020504068
-89.5034660737
-89.5056248966
-89.5085229578
-89.512156342
-89.5165211356
-89.521613426
-89.5274293013
-89.5339648492
-89.5412161566
-89.5491793087
-89.5578503887
-89.5672254768
-89.5773006496
-89.5880719796
-89.5995355343
-89.6116873757
-89.6245235596
-89.6380401349
-89.6522331428
-89.6670986164
-89.6826325798
-89.6988310475
-89.7156900238
-89.7332055019
-89.7513734634
-89.7701898776
-89.7896507008
-89.8097518756
-89.8304893302
-89.8518589777
-89.8738567155
-89.8964784244
-89.9197199682
-89.9435771928
-89.9680459255
-89.9931219745
-90.0188011278
-90.0450791531
-90.0719517964
-90.0994147818
-90.1274638108
-90.1560945611
-90.1853026863
-90.2150838154
-90.2454335513
-90.276347471
-90.3078211243
-90.339850033
-90.3724296908
-90.4055555621
-90.439223081
-90.4734276515
-90.5081646458
-90.5434294041
-90.5792172339
-90.615523409
-90.6523431688
-90.6896717179
-90.7275042248
-90.7658358219
-90.804661604
-90.8439766281
-90.8837759124
-90.9240544358
-90.9648071366
-91.0060289127
-91.0477146199
-91.0898590717
-91.1324570385
-91.1755032467
-91.218992378
-91.2629190689
-91.3072779096
-91.3520634435
-91.3972701662
-91.4428925251
-91.4889249186
-91.5353616949
-91.5821971518
-91.629425536
-91.6770410417
-91.7250378106
-91.7734099308
-91.822151436
-91.871256305
-91.920718461
-91.9705317704
-92.0206900426
-92.0711870293
-92.1220164232
-92.1731718578
-92.2246469066
-92.2764350823
-92.3285298361
-92.3809245569
-92.4336125709
-92.4865871407
-92.5398414645
-92.5933686756
-92.6471618418
-92.7012139645
-92.755517978
-92.8100667492
-92.8648530764
-92.9198696892
-92.9751092476
-93.0305643413
-93.086227489
-93.1420911381
-93.198147664
-93.2543893691
-93.3108084828
-93.3673971604
-93.4241474829
-93.4810514562
-93.5381010106
-93.5952880003
-93.6526042029
-93.7100413186
-93.7675909701
-93.8252447019
-93.8829939796
-93.9408301899
-93.9987446398
-94.056728556
-94.114773085
-94.1728692922
-94.2310081617
-94.289180596
-94.3473774153
-94.4055893576
-94.4638070779
-94.5220211482
-94.5802220573
-94.6384002099
-94.6965459271
-94.7546494458
-94.8127009182
-94.8706904123
-94.9286079108
-94.986443312
-95.0441864287
-95.1018269887
-95.1593546344
-95.2167589229
-95.2740293257
-95.3311552293
-95.3881259343
-95.4449306561
-95.501558525
-95.5579985857
-95.614239798
-95.6702710367
-95.7260810916
-95.7816586683
-95.8369923875
-95.8920707864
-95.9468823179
-96.0014153516
-96.0556581741
-96.1095989891
-96.1632259181
-96.2165270006
-96.269490195
-96.3221033788
-96.3743543493
-96.4262308239
-96.4777204414
-96.5288107621
-96.5794892687
-96.629743367
-96.679560387
-96.7289275832
-96.777832136
-96.8262611524
-96.8742016668
-96.9216406423
-96.9685649715
-97.0149614777
-97.0608169162
-97.1061179752
-97.150851277
-97.1950033796
-97.2385607778
-97.2815099043
-97.3238371316
-97.3655287733
-97.4065710853
-97.4469502677
-97.4866524663
-97.5256637741
-97.5639702332
-97.6015578363
-97.6384125287
-97.6745202103
-97.7098667368
-97.7444379225
-97.7782195417
-97.811197331
-97.8433569912
-97.8746841897
-97.9051645624
-97.9347837164
-97.9635272315
-97.9913806635
-98.0183295459
-98.0443593925
-98.0694557001
-98.0936039509
-98.116789615
-98.1389981534
-98.1602150201
-98.1804256655
-98.1996155387
-98.2177700907
-98.2348747772
-98.2509150611
-98.2658764163
-98.2797443301
-98.2925043065
-98.3041418694
-98.3146425658
-98.3239919686
-98.3321756806
