1001 57000.0
-186.11502827
-201.044325186
-217.759017195
-236.573656979
-257.880427474
-282.174654561
-310.091090858
-342.456677688
-380.369231136
-425.31823841
-479.376631725
-545.517478
-628.162072936
-734.184062978
-874.883527567
-1070.23390272
-1359.17963806
-1829.17393442
-2725.86178346
-5106.05588671
-30031.16301
8255.10242052
3734.09669128
2456.84726318
1854.85797416
1505.10273822
1276.86743946
1116.45643337
997.749999801
906.516020747
834.337855746
775.919157981
727.760438736
687.456541728
653.299814667
624.044280979
598.759431461
576.73626912
557.425045182
540.392879314
525.294230317
511.8498903
499.831764053
489.051656625
479.352889676
470.603947838
462.693604068
455.527137555
449.023368977
443.112314362
437.733312214
432.833516275
428.366673428
424.292125844
420.573990907
417.180483129
414.083350262
411.257401864
408.680113154
406.331290563
404.192788076
402.248265638
400.482982539
398.883620025
397.438128437
396.135595007
394.966129129
393.92076246
392.991361646
392.170551845
391.451649498
390.828603046
390.295940514
389.848723024
389.482503443
389.193289524
388.977510934
388.831989714
388.753913736
388.740812804
388.7905371
388.9012377
389.071348953
389.29957251
389.584862858
389.926414197
390.323648561
390.776205053
391.28393014
391.846868897
392.465257169
393.139514575
393.870238329
394.658197831
395.504330002
396.409735345
397.375674719
398.4035668
399.494986244
400.651662537
401.875479541
403.16847574
404.532845206
405.970939286
407.485269055
409.078508529
410.753498697
412.513252388
414.360960024
416.299996295
418.333927825
420.466521868
422.701756122
425.043829726
427.49717553
430.066473733
432.756667008
435.572977222
438.520923912
441.606344649
444.835417493
448.214685717
451.751085044
455.451973636
459.325165142
463.378965116
467.622211187
472.064317401
476.715323218
481.585947709
486.687649586
492.032693776
497.634225372
503.506351902
509.664235006
516.124192792
522.90381432
530.022087918
537.499545303
545.358423804
553.622849407
562.31904377
571.475558966
581.123544371
591.297050936
602.033379112
613.373477902
625.362404015
638.049851964
651.490768233
665.746065487
680.883456368
696.97843092
714.115407354
732.389093128
751.906102575
772.786889367
795.168067673
819.20521642
845.076288166
872.985780368
903.169875678
935.902824472
971.5049346
1010.3526612
1052.8914701
1099.652407
1151.27368092
1208.52912603
1272.36624312
1343.9578057
1424.77303017
1516.67754707
1622.07675394
1744.1262253
1887.04886934
2056.62784866
2261.00047015
2511.99172771
2827.4701514
3235.7742254
3784.6968985
4561.63867273
5745.3595691
7767.58176344
12005.4022996
26499.2505626
-126264.346698
-18636.6330372
-10054.3229543
-6881.90533513
-5230.47662093
-4218.02066384
-3534.02272266
-3041.11782802
-2669.16712295
-2378.61570596
-2145.46119361
-1954.2940613
-1794.76826668
-1659.67938337
-1543.85631913
-1443.49128283
-1355.71832108
-1278.33910555
-1209.63925269
-1148.26212363
-1093.12015887
-1043.33133863
-998.172836884
-957.046675321
-919.453902342
-884.974926574
-853.254358851
-823.989201289
-796.919551826
-771.821220659
-748.49981505
-726.785962769
-706.531426467
-687.605920964
-669.894489503
-653.295327722
-637.717968712
-623.081761186
-609.314587013
-596.351775352
-584.135179156
-572.612386424
-561.736043883
-551.463274848
-541.755176379
-532.576383444
-523.894689943
-515.680718188
-507.907629794
-500.550872117
-493.587955291
-486.998255703
-480.762842374
-474.864323259
-469.286708907
-464.015291311
-459.036536081
-454.33798633
-449.908176903
-445.736557751
-441.813425426
-438.129861799
-434.677679237
-431.449371554
-428.438070162
-425.637504912
-423.04196918
-420.646288814
-418.44579461
-416.43629803
-414.61406991
-412.975821943
-411.518690759
-410.24022445
-409.138371407
-408.21147138
-407.458248661
-406.877807361
-406.469628718
-406.233570442
-406.169868083
-406.279138469
-406.562385236
-407.021006541
-407.656805034
-408.472000219
-409.469243327
-410.651634905
-412.022745296
-413.586638273
-415.347898105
-417.311660383
-419.483646997
-421.8702057
-424.478354786
-427.315833475
-430.391158692
-433.71368905
-437.293696977
-441.142450052
-445.272302839
-449.696800683
-454.430797208
-459.490587549
-464.894059717
-470.660866932
-476.812624283
-483.373133711
-490.368642099
-497.828138179
-505.78369517
-514.270867457
-523.329151473
-533.002523113
-543.340066859
-554.396715325
-566.234122428
-578.921699133
-592.537848131
-607.171443454
-622.923613505
-639.909902645
-658.262908405
-678.135521034
-699.704932094
-723.177633834
-748.795707205
-776.844803332
-807.664375469
-841.660938128
-879.325452376
-921.256417164
-968.190977975
-1021.04749959
-1080.98485434
-1149.48661886
-1228.48330682
-1320.53431696
-1429.106648
-1559.01626169
-1717.15475964
-1913.74253294
-2164.6144937
-2495.68905363
-2952.51390191
-3623.18856056
-4703.19737101
-6730.73227803
-11923.6717096
-53998.344053
21071.9081158
8768.41684916
5517.73728184
4015.96834903
3151.11941105
2589.04009312
2194.52801028
1902.44890529
1677.55236708
1499.09687024
1354.08152741
1233.94330251
1132.81234433
1046.53038564
972.069296133
907.171585123
850.119923257
799.584711514
754.520510681
714.093985811
677.632717881
644.588156982
614.508359732
587.01762328
561.801062891
538.592787525
517.16673078
497.329466638
478.914526176
461.777861739
445.794197072
430.854067887
416.861405164
403.731548492
391.389602759
379.76907089
368.810710023
358.461569633
348.674178735
339.40585587
330.618120769
322.276190659
314.348547294
306.806563443
299.624179468
292.777622382
286.245160968
280.006891712
274.044551093
268.341350535
262.881830886
257.651733784
252.637887663
247.828106503
243.211099677
238.776391513
234.514249364
230.415619166
226.472067576
222.675729926
219.019263328
215.495804332
212.098930648
208.822626457
205.661250958
202.60950978
199.662428963
196.815331248
194.063814448
191.403731668
188.831173209
186.342449995
183.934078355
181.602766057
179.345399455
177.159031662
175.040871648
172.988274173
170.9987305
169.0698598
167.199401196
165.385206397
163.62523286
161.917537453
160.260270553
158.651670571
157.090058849
155.573834905
154.10147201
152.671513045
151.282566649
149.933303607
148.62245348
147.348801443
146.11118533
144.908492865
143.739659057
142.603663764
141.499529399
140.426318776
139.383133088
138.369109995
137.383421834
136.425273924
135.493902975
134.588575584
133.70858681
132.853258839
132.021939715
131.214002141
130.428842346
129.665879013
128.924552262
128.204322689
127.504670448
126.825094392
126.165111246
125.524254831
124.902075316
124.29813852
123.712025239
123.143330605
122.591663488
122.056645904
121.537912477
121.035109907
120.547896468
120.075941533
119.618925116
119.176537433
118.748478492
118.334457684
117.934193409
117.54741271
117.173850918
116.813251324
116.465364852
116.129949751
115.806771304
115.495601538
115.196218953
114.908408262
114.631960134
114.366670956
114.112342595
113.868782175
113.63580186
113.413218642
113.200854143
112.998534416
112.806089757
112.623354527
112.450166971
112.286369047
112.131806266
111.986327527
111.849784964
111.722033796
111.602932179
111.492341068
111.390124074
111.296147336
111.210279385
111.13239102
111.062355188
111.000046858
110.945342906
110.898122004
110.858264503
110.825652329
110.800168876
110.781698898
110.770128417
110.765344614
110.767235738
110.775691013
110.790600539
110.811855209
110.839346615
110.872966966
110.912608998
110.958165898
111.009531216
111.066598793
111.129262677
111.197417053
111.270956163
111.349774241
111.433765436
111.522823749
111.616842959
111.715716566
111.819337723
111.927599172
112.040393191
112.157611527
112.279145349
112.404885188
112.534720884
112.668541544
112.806235479
112.947690173
113.09279223
113.241427333
113.393480208
113.548834585
113.707373158
113.868977561
114.033528332
114.200904891
114.370985507
114.543647284
114.718766139
114.896216784
115.075872713
115.257606199
115.441288273
115.626788731
115.813976135
116.002717802
116.192879823
116.384327072
116.576923209
116.770530709
116.965010872
117.160223858
117.356028701
117.552283357
117.748844729
117.945568711
118.142310224
118.338923278
118.535261012
118.731175755
118.926519087
119.121141894
119.314894454
119.507626485
119.699187245
119.889425597
120.078190099
120.265329087
120.450690774
120.634123342
120.815475038
120.994594283
121.171329772
121.345530585
121.517046307
121.685727134
121.851423994
122.01398867
122.173273925
122.329133626
122.481422871
122.629998122
122.774717332
122.91544009
123.052027739
123.184343521
123.312252713
123.435622764
123.554323418
123.668226877
123.777207912
123.881144009
123.979915503
124.073405704
124.161501033
124.244091156
124.321069099
124.39233138
124.457778126
124.517313195
124.570844277
124.618283028
124.65954515
124.694550508
124.723223226
124.745491771
124.761289051
124.770552481
124.77322407
124.769250487
124.758583126
124.741178161
124.716996595
124.686004301
124.648172076
124.603475642
124.551895701
124.493417927
124.428032977
124.355736516
124.276529182
124.190416584
124.097409298
123.997522807
123.890777502
123.777198617
123.65681619
123.529665011
123.395784549
123.255218895
123.108016694
122.954231045
122.793919427
122.627143614
122.453969563
122.274467323
122.088710915
121.896778242
121.698750947
121.494714311
121.284757117
121.068971535
120.847452978
120.620299975
120.387614035
120.149499501
119.906063425
119.657415404
119.403667457
119.144933866
118.881331036
118.61297735
118.339993031
118.062499974
117.780621613
117.494482792
117.204209601
116.909929234
116.611769854
116.309860461
116.004330739
115.695310943
115.382931733
115.067324082
114.748619117
114.42694801
114.102441867
113.775231571
113.445447712
113.113220457
112.778679435
112.441953628
112.103171299
111.762459857
111.419945814
111.075754628
110.73001067
110.382837135
110.034355943
109.684687691
109.333951555
108.982265246
108.629744954
108.276505252
107.922659088
107.568317713
107.213590615
106.858585508
106.503408293
106.148162985
105.792951715
105.437874694
105.083030171
104.728514433
104.374421779
104.020844467
103.667872777
103.315594916
102.964097078
102.613463408
102.263775969
101.915114815
101.567557919
101.221181235
100.876058657
100.532262068
100.189861313
99.8489242481
99.5095167258
99.1717026188
98.8355438486
98.5011003878
98.1684302867
97.8375897039
97.5086329115
97.1816123236
96.8565785368
96.5335803424
96.2126647452
95.8938770169
95.5772606914
95.262857613
94.9507079791
94.6408503425
94.3333216553
94.0281572967
93.7253911219
93.4250554562
93.1271811761
92.8317976916
92.5389330311
92.2486138057
91.9608653271
91.6757115649
91.3931752192
91.1132777566
90.8360394195
90.5614792663
90.2896152324
90.0204641032
89.7540416223
89.4903624616
89.2294402789
88.9712877561
88.7159166197
88.463337663
88.2135608132
87.9665951217
87.7224488215
87.4811293445
87.24264335
87.0069967871
86.7741948671
86.5442421482
86.317142525
86.0928992899
85.871515131
85.6529921738
85.4373320256
85.2245357834
85.0146040538
84.8075370106
84.6033343846
84.4019955195
84.2035194082
84.0079046509
83.8151495796
83.6252522043
83.4382102637
83.2540212767
83.072682542
82.8941911369
82.7185440087
82.5457379323
82.3757695808
82.2086355286
82.0443322667
81.8828562695
81.7242039521
81.5683717418
81.4153561138
81.2651535485
81.1177606287
80.9731740171
80.8313904952
80.6924069897
80.5562205885
80.4228285502
80.2922283605
80.1644177452
80.0393946617
79.9171573687
79.7977044079
79.681034666
79.5671473734
79.4560421208
79.3477189082
79.2421781566
79.1394207352
79.039447972
78.9422616923
78.8478642542
78.7562585329
78.6674479904
78.5814366883
78.4982292837
78.4178311083
78.3402481488
78.2654870873
78.1935553445
78.124461088
78.0582132675
77.9948216464
77.9342968095
77.8766502273
77.8218942737
77.7700422203
77.7211083071
77.6751077856
77.6320568908
77.5919729698
77.5548743884
77.5207806478
77.4897124637
77.4616916522
77.4367413292
77.4148858318
77.3961508114
77.3805632447
77.3681515329
77.3589454333
77.3529762012
77.3502765934
77.3508808958
77.3548250146
77.3621464495
77.3728844544
77.3870799323
77.4047756325
77.4260161107
77.4508478075
77.4793191409
77.5114804808
77.547384274
77.5870850801
77.6306396504
77.6781069478
77.7295482627
77.7850272465
77.8446100146
77.9083651421
77.9763638945
78.0486800771
78.1253903661
78.2065741829
78.292313901
78.3826948985
78.4778056345
78.5777377549
78.6825862237
78.7924493852
78.9074290893
79.0276307922
79.1531636641
79.2841407664
79.420679061
79.5628996661
79.7109279308
79.8648935591
80.0249307735
80.1911784694
80.3637803893
80.5428852378
80.7286468955
80.9212246176
81.1207831225
81.3274929228
81.5415303822
81.7630780275
81.9923247693
82.2294660528
82.4747041625
82.7282484349
82.9903155441
83.2611298107
83.5409233225
83.8299364634
84.1284180062
84.4366256092
84.7548260177
85.0832954935
85.4223201268
85.7721963102
86.133230968
86.5057421903
86.8900594734
87.2865242512
87.6954904442
88.117324796
88.5524075108
89.0011326451
89.463908933
89.9411600449
90.4333254122
90.9408607376
91.4642387291
92.0039497989
92.5605025922
93.1344249666
93.7262645418
94.336589652
94.9659900499
95.6150777378
96.2844879419
96.9748799927
97.6869380624
98.42137235
99.1789199706
99.9603458476
100.766443803
101.598037618
102.455982011
103.341163699
104.254502199
105.19695143
106.169500055
107.173172952
108.209031872
109.278176502
110.381745206
111.520915819
112.696906057
113.910974409
115.164420061
116.458583223
117.794844793
119.174626274
120.599388723
122.070631739
123.589891626
125.158739415
126.77877801
128.451638407
130.178975497
131.962462297
133.803783566
135.704628109
137.666678543
139.691601175
141.781032077
143.936561957
146.159718573
148.451945479
150.814578409
153.24881819
155.755698118
158.336049369
160.990458924
163.719224606
166.522302024
169.399246806
172.349149443
175.370562946
178.461422767
181.618960434
184.839607131
188.118892483
191.451333952
194.830321197
198.247996843
201.69513128
205.160999925
208.63326213
212.097848293
215.538856195
218.938470694
222.27690401
225.532372711
228.681114823
231.697461837
234.553966577
237.221606216
239.670060185
241.868071081
243.783895345
245.385832439
246.642843755
247.525228405
248.005358232
248.058437155
