2048 1 1
1.26106e-10 1.45615e-10 2.0593e-10
2.15586
2.15584
2.15577
2.15565
2.15548
2.15527
2.15501
2.15471
2.15436
2.15396
2.15351
2.15302
2.15248
2.1519
2.15127
2.15059
2.14987
2.1491
2.14829
2.14743
2.14652
2.14558
2.14458
2.14354
2.14246
2.14133
2.14016
2.13894
2.13768
2.13638
2.13503
2.13364
2.13221
2.13073
2.12921
2.12766
2.12606
2.12441
2.12273
2.12101
2.11924
2.11744
2.1156
2.11371
2.11179
2.10983
2.10783
2.1058
2.10372
2.10161
2.09947
2.09728
2.09506
2.0928
2.09051
2.08819
2.08583
2.08343
2.081
2.07854
2.07605
2.07352
2.07096
2.06837
2.06575
2.06309
2.06041
2.0577
2.05495
2.05218
2.04938
2.04655
2.0437
2.04081
2.0379
2.03496
2.032
2.02901
2.026
2.02296
2.0199
2.01681
2.0137
2.01057
2.00741
2.00424
2.00104
1.99782
1.99458
1.99132
1.98803
1.98473
1.98141
1.97808
1.97472
1.97135
1.96795
1.96455
1.96112
1.95768
1.95422
1.95075
1.94727
1.94376
1.94025
1.93672
1.93318
1.92962
1.92606
1.92248
1.91888
1.91528
1.91167
1.90804
1.90441
1.90077
1.89711
1.89345
1.88978
1.8861
1.88241
1.87871
1.87501
1.8713
1.86758
1.86386
1.86013
1.85639
1.85265
1.84891
1.84515
1.8414
1.83764
1.83387
1.83011
1.82634
1.82256
1.81878
1.815
1.81122
1.80744
1.80365
1.79986
1.79607
1.79228
1.78849
1.7847
1.78091
1.77712
1.77332
1.76953
1.76574
1.76195
1.75816
1.75437
1.75058
1.7468
1.74301
1.73923
1.73545
1.73167
1.7279
1.72412
1.72035
1.71659
1.71282
1.70906
1.7053
1.70155
1.6978
1.69405
1.69031
1.68657
1.68283
1.6791
1.67538
1.67166
1.66794
1.66423
1.66052
1.65682
1.65312
1.64943
1.64574
1.64206
1.63839
1.63472
1.63106
1.6274
1.62375
1.6201
1.61646
1.61283
1.6092
1.60558
1.60196
1.59835
1.59475
1.59115
1.58756
1.58398
1.58041
1.57684
1.57327
1.56972
1.56617
1.56263
1.55909
1.55557
1.55205
1.54853
1.54503
1.54153
1.53804
1.53455
1.53108
1.52761
1.52414
1.52069
1.51724
1.5138
1.51037
1.50694
1.50353
1.50011
1.49671
1.49332
1.48993
1.48655
1.48318
1.47981
1.47646
1.47311
1.46976
1.46643
1.4631
1.45978
1.45647
1.45317
1.44987
1.44659
1.44331
1.44003
1.43677
1.43351
1.43026
1.42702
1.42378
1.42056
1.41734
1.41413
1.41093
1.40773
1.40454
1.40136
1.39819
1.39502
1.39187
1.38872
1.38557
1.38244
1.37931
1.37619
1.37308
1.36998
1.36688
1.36379
1.36071
1.35764
1.35457
1.35152
1.34846
1.34542
1.34239
1.33936
1.33634
1.33332
1.33032
1.32732
1.32433
1.32135
1.31837
1.3154
1.31244
1.30949
1.30654
1.3036
1.30067
1.29775
1.29483
1.29192
1.28902
1.28612
1.28324
1.28036
1.27748
1.27462
1.27176
1.26891
1.26606
1.26323
1.2604
1.25757
1.25476
1.25195
1.24915
1.24635
1.24357
1.24079
1.23801
1.23525
1.23249
1.22974
1.22699
1.22426
1.22152
1.2188
1.21608
1.21337
1.21067
1.20797
1.20529
1.2026
1.19993
1.19726
1.1946
1.19194
1.18929
1.18665
1.18402
1.18139
1.17877
1.17615
1.17354
1.17094
1.16835
1.16576
1.16318
1.1606
1.15804
1.15548
1.15292
1.15037
1.14783
1.1453
1.14277
1.14025
1.13773
1.13522
1.13272
1.13022
1.12773
1.12525
1.12277
1.1203
1.11784
1.11538
1.11293
1.11048
1.10805
1.10561
1.10319
1.10077
1.09835
1.09595
1.09355
1.09115
1.08876
1.08638
1.08401
1.08164
1.07927
1.07692
1.07456
1.07222
1.06988
1.06755
1.06522
1.0629
1.06059
1.05828
1.05597
1.05368
1.05139
1.0491
1.04682
1.04455
1.04229
1.04002
1.03777
1.03552
1.03328
1.03104
1.02881
1.02659
1.02437
1.02215
1.01994
1.01774
1.01555
1.01336
1.01117
1.00899
1.00682
1.00465
1.00249
1.00034
0.998187
0.996043
0.993904
0.991771
0.989644
0.987523
0.985407
0.983296
0.981192
0.979093
0.976999
0.974911
0.972829
0.970752
0.968681
0.966615
0.964555
0.9625
0.960451
0.958407
0.956369
0.954336
0.952309
0.950287
0.948271
0.94626
0.944254
0.942254
0.940259
0.938269
0.936285
0.934306
0.932333
0.930365
0.928402
0.926444
0.924492
0.922545
0.920603
0.918667
0.916736
0.91481
0.912889
0.910974
0.909063
0.907158
0.905258
0.903363
0.901474
0.899589
0.89771
0.895836
0.893967
0.892103
0.890244
0.88839
0.886541
0.884698
0.882859
0.881025
0.879197
0.877373
0.875555
0.873741
0.871933
0.870129
0.86833
0.866537
0.864748
0.862964
0.861186
0.859412
0.857643
0.855878
0.854119
0.852365
0.850615
0.848871
0.847131
0.845396
0.843666
0.841941
0.84022
0.838505
0.836794
0.835088
0.833386
0.83169
0.829998
0.828311
0.826628
0.824951
0.823278
0.821609
0.819946
0.818287
0.816633
0.814983
0.813338
0.811698
0.810063
0.808432
0.806805
0.805183
0.803566
0.801954
0.800346
0.798742
0.797143
0.795549
0.793959
0.792374
0.790793
0.789217
0.787646
0.786078
0.784516
0.782957
0.781404
0.779854
0.77831
0.776769
0.775233
0.773702
0.772175
0.770652
0.769134
0.76762
0.76611
0.764605
0.763104
0.761608
0.760116
0.758628
0.757144
0.755665
0.754191
0.75272
0.751254
0.749792
0.748334
0.746881
0.745432
0.743987
0.742547
0.74111
0.739678
0.73825
0.736827
0.735407
0.733992
0.732581
0.731174
0.729771
0.728373
0.726979
0.725588
0.724202
0.72282
0.721443
0.720069
0.718699
0.717334
0.715972
0.714615
0.713262
0.711913
0.710568
0.709227
0.70789
0.706557
0.705228
0.703903
0.702582
0.701265
0.699953
0.698644
0.697339
0.696038
0.694741
0.693448
0.692159
0.690874
0.689593
0.688316
0.687043
0.685774
0.684508
0.683247
0.681989
0.680735
0.679486
0.67824
0.676998
0.67576
0.674525
0.673295
0.672068
0.670846
0.669627
0.668412
0.6672
0.665993
0.664789
0.663589
0.662393
0.661201
0.660012
0.658827
0.657646
0.656469
0.655296
0.654126
0.65296
0.651798
0.650639
0.649484
0.648333
0.647186
0.646042
0.644902
0.643765
0.642633
0.641504
0.640378
0.639257
0.638138
0.637024
0.635913
0.634806
0.633703
0.632603
0.631506
0.630414
0.629325
0.628239
0.627157
0.626079
0.625004
0.623933
0.622865
0.621801
0.620741
0.619684
0.61863
0.61758
0.616534
0.615491
0.614452
0.613416
0.612384
0.611355
0.610329
0.609307
0.608289
0.607274
0.606263
0.605255
0.60425
0.603249
0.602252
0.601257
0.600267
0.599279
0.598295
0.597315
0.596338
0.595364
0.594394
0.593427
0.592463
0.591503
0.590547
0.589593
0.588643
0.587697
0.586753
0.585813
0.584877
0.583943
0.583014
0.582087
0.581164
0.580244
0.579327
0.578414
0.577504
0.576597
0.575694
0.574794
0.573897
0.573003
0.572113
0.571226
0.570342
0.569461
0.568584
0.56771
0.566839
0.565972
0.565107
0.564246
0.563388
0.562534
0.561682
0.560834
0.559989
0.559147
0.558309
0.557473
0.556641
0.555812
0.554986
0.554163
0.553344
0.552527
0.551714
0.550904
0.550097
0.549293
0.548492
0.547695
0.5469
0.546109
0.545321
0.544536
0.543754
0.542975
0.542199
0.541426
0.540657
0.53989
0.539127
0.538366
0.537609
0.536855
0.536104
0.535356
0.534611
0.533869
0.53313
0.532394
0.531661
0.530931
0.530205
0.529481
0.52876
0.528043
0.527328
0.526616
0.525908
0.525202
0.524499
0.5238
0.523103
0.522409
0.521719
0.521031
0.520346
0.519664
0.518986
0.51831
0.517637
0.516967
0.5163
0.515636
0.514975
0.514317
0.513661
0.513009
0.51236
0.511713
0.51107
0.510429
0.509792
0.509157
0.508525
0.507896
0.50727
0.506647
0.506027
0.505409
0.504795
0.504183
0.503574
0.502969
0.502366
0.501766
0.501168
0.500574
0.499982
0.499394
0.498808
0.498225
0.497645
0.497068
0.496493
0.495922
0.495353
0.494787
0.494224
0.493663
0.493106
0.492551
0.491999
0.49145
0.490904
0.490361
0.48982
0.489282
0.488747
0.488215
0.487686
0.487159
0.486635
0.486114
0.485595
0.48508
0.484567
0.484057
0.48355
0.483045
0.482544
0.482045
0.481548
0.481055
0.480564
0.480076
0.479591
0.479108
0.478628
0.478151
0.477677
0.477205
0.476737
0.47627
0.475807
0.475346
0.474888
0.474433
0.47398
0.473531
0.473083
0.472639
0.472197
0.471758
0.471322
0.470888
0.470457
0.470029
0.469603
0.46918
0.46876
0.468342
0.467927
0.467515
0.467106
0.466699
0.466294
0.465893
0.465494
0.465098
0.464704
0.464313
0.463925
0.463539
0.463156
0.462776
0.462398
0.462023
0.46165
0.461281
0.460913
0.460549
0.460187
0.459828
0.459471
0.459117
0.458766
0.458417
0.458071
0.457727
0.457386
0.457048
0.456712
0.456379
0.456048
0.45572
0.455395
0.455072
0.454752
0.454435
0.45412
0.453808
0.453498
0.453191
0.452886
0.452584
0.452285
0.451988
0.451694
0.451402
0.451113
0.450827
0.450543
0.450261
0.449983
0.449706
0.449433
0.449162
0.448893
0.448627
0.448364
0.448103
0.447845
0.447589
0.447336
0.447085
0.446837
0.446592
0.446349
0.446108
0.445871
0.445635
0.445402
0.445172
0.444945
0.444719
0.444497
0.444277
0.444059
0.443844
0.443632
0.443422
0.443215
0.44301
0.442807
0.442608
0.44241
0.442216
0.442023
0.441834
0.441646
0.441462
0.44128
0.4411
0.440923
0.440748
0.440576
0.440407
0.44024
0.440075
0.439913
0.439754
0.439597
0.439442
0.43929
0.439141
0.438994
0.43885
0.438708
0.438568
0.438431
0.438297
0.438165
0.438036
0.437909
0.437784
0.437662
0.437543
0.437426
0.437312
0.4372
0.43709
0.436983
0.436879
0.436777
0.436678
0.436581
0.436486
0.436394
0.436305
0.436218
0.436133
0.436051
0.435972
0.435895
0.43582
0.435748
0.435679
0.435612
0.435547
0.435485
0.435425
0.435368
0.435313
0.435261
0.435212
0.435164
0.43512
0.435078
0.435038
0.435001
0.434966
0.434934
0.434904
0.434876
0.434852
0.434829
0.434809
0.434792
0.434777
0.434765
0.434755
0.434747
0.434742
0.43474
0.43474
0.434742
0.434747
0.434755
0.434765
0.434777
0.434792
0.434809
0.434829
0.434852
0.434876
0.434904
0.434934
0.434966
0.435001
0.435038
0.435078
0.43512
0.435164
0.435212
0.435261
0.435313
0.435368
0.435425
0.435485
0.435547
0.435612
0.435679
0.435748
0.43582
0.435895
0.435972
0.436051
0.436133
0.436218
0.436305
0.436394
0.436486
0.436581
0.436678
0.436777
0.436879
0.436983
0.43709
0.4372
0.437312
0.437426
0.437543
0.437662
0.437784
0.437909
0.438036
0.438165
0.438297
0.438431
0.438568
0.438708
0.43885
0.438994
0.439141
0.43929
0.439442
0.439597
0.439754
0.439913
0.440075
0.44024
0.440407
0.440576
0.440748
0.440923
0.4411
0.44128
0.441462
0.441646
0.441834
0.442023
0.442216
0.44241
0.442608
0.442807
0.44301
0.443215
0.443422
0.443632
0.443844
0.444059
0.444277
0.444497
0.444719
0.444945
0.445172
0.445402
0.445635
0.445871
0.446108
0.446349
0.446592
0.446837
0.447085
0.447336
0.447589
0.447845
0.448103
0.448364
0.448627
0.448893
0.449162
0.449433
0.449706
0.449983
0.450261
0.450543
0.450827
0.451113
0.451402
0.451694
0.451988
0.452285
0.452584
0.452886
0.453191
0.453498
0.453808
0.45412
0.454435
0.454752
0.455072
0.455395
0.45572
0.456048
0.456379
0.456712
0.457048
0.457386
0.457727
0.458071
0.458417
0.458766
0.459117
0.459471
0.459828
0.460187
0.460549
0.460913
0.461281
0.46165
0.462023
0.462398
0.462776
0.463156
0.463539
0.463925
0.464313
0.464704
0.465098
0.465494
0.465893
0.466294
0.466699
0.467106
0.467515
0.467927
0.468342
0.46876
0.46918
0.469603
0.470029
0.470457
0.470888
0.471322
0.471758
0.472197
0.472639
0.473083
0.473531
0.47398
0.474433
0.474888
0.475346
0.475807
0.47627
0.476737
0.477205
0.477677
0.478151
0.478628
0.479108
0.479591
0.480076
0.480564
0.481055
0.481548
0.482045
0.482544
0.483045
0.48355
0.484057
0.484567
0.48508
0.485595
0.486114
0.486635
0.487159
0.487686
0.488215
0.488747
0.489282
0.48982
0.490361
0.490904
0.49145
0.491999
0.492551
0.493106
0.493663
0.494224
0.494787
0.495353
0.495922
0.496493
0.497068
0.497645
0.498225
0.498808
0.499394
0.499982
0.500574
0.501168
0.501766
0.502366
0.502969
0.503574
0.504183
0.504795
0.505409
0.506027
0.506647
0.50727
0.507896
0.508525
0.509157
0.509792
0.510429
0.51107
0.511713
0.51236
0.513009
0.513661
0.514317
0.514975
0.515636
0.5163
0.516967
0.517637
0.51831
0.518986
0.519664
0.520346
0.521031
0.521719
0.522409
0.523103
0.5238
0.524499
0.525202
0.525908
0.526616
0.527328
0.528043
0.52876
0.529481
0.530205
0.530931
0.531661
0.532394
0.53313
0.533869
0.534611
0.535356
0.536104
0.536855
0.537609
0.538366
0.539127
0.53989
0.540657
0.541426
0.542199
0.542975
0.543754
0.544536
0.545321
0.546109
0.5469
0.547695
0.548492
0.549293
0.550097
0.550904
0.551714
0.552527
0.553344
0.554163
0.554986
0.555812
0.556641
0.557473
0.558309
0.559147
0.559989
0.560834
0.561682
0.562534
0.563388
0.564246
0.565107
0.565972
0.566839
0.56771
0.568584
0.569461
0.570342
0.571226
0.572113
0.573003
0.573897
0.574794
0.575694
0.576597
0.577504
0.578414
0.579327
0.580244
0.581164
0.582087
0.583014
0.583943
0.584877
0.585813
0.586753
0.587697
0.588643
0.589593
0.590547
0.591503
0.592463
0.593427
0.594394
0.595364
0.596338
0.597315
0.598295
0.599279
0.600267
0.601257
0.602252
0.603249
0.60425
0.605255
0.606263
0.607274
0.608289
0.609307
0.610329
0.611355
0.612384
0.613416
0.614452
0.615491
0.616534
0.61758
0.61863
0.619684
0.620741
0.621801
0.622865
0.623933
0.625004
0.626079
0.627157
0.628239
0.629325
0.630414
0.631506
0.632603
0.633703
0.634806
0.635913
0.637024
0.638138
0.639257
0.640378
0.641504
0.642633
0.643765
0.644902
0.646042
0.647186
0.648333
0.649484
0.650639
0.651798
0.65296
0.654126
0.655296
0.656469
0.657646
0.658827
0.660012
0.661201
0.662393
0.663589
0.664789
0.665993
0.6672
0.668412
0.669627
0.670846
0.672068
0.673295
0.674525
0.67576
0.676998
0.67824
0.679486
0.680735
0.681989
0.683247
0.684508
0.685774
0.687043
0.688316
0.689593
0.690874
0.692159
0.693448
0.694741
0.696038
0.697339
0.698644
0.699953
0.701265
0.702582
0.703903
0.705228
0.706557
0.70789
0.709227
0.710568
0.711913
0.713262
0.714615
0.715972
0.717334
0.718699
0.720069
0.721443
0.72282
0.724202
0.725588
0.726979
0.728373
0.729771
0.731174
0.732581
0.733992
0.735407
0.736827
0.73825
0.739678
0.74111
0.742547
0.743987
0.745432
0.746881
0.748334
0.749792
0.751254
0.75272
0.754191
0.755665
0.757144
0.758628
0.760116
0.761608
0.763104
0.764605
0.76611
0.76762
0.769134
0.770652
0.772175
0.773702
0.775233
0.776769
0.77831
0.779854
0.781404
0.782957
0.784516
0.786078
0.787646
0.789217
0.790793
0.792374
0.793959
0.795549
0.797143
0.798742
0.800346
0.801954
0.803566
0.805183
0.806805
0.808432
0.810063
0.811698
0.813338
0.814983
0.816633
0.818287
0.819946
0.821609
0.823278
0.824951
0.826628
0.828311
0.829998
0.83169
0.833386
0.835088
0.836794
0.838505
0.84022
0.841941
0.843666
0.845396
0.847131
0.848871
0.850615
0.852365
0.854119
0.855878
0.857643
0.859412
0.861186
0.862964
0.864748
0.866537
0.86833
0.870129
0.871933
0.873741
0.875555
0.877373
0.879197
0.881025
0.882859
0.884698
0.886541
0.88839
0.890244
0.892103
0.893967
0.895836
0.89771
0.899589
0.901474
0.903363
0.905258
0.907158
0.909063
0.910974
0.912889
0.91481
0.916736
0.918667
0.920603
0.922545
0.924492
0.926444
0.928402
0.930365
0.932333
0.934306
0.936285
0.938269
0.940259
0.942254
0.944254
0.94626
0.948271
0.950287
0.952309
0.954336
0.956369
0.958407
0.960451
0.9625
0.964555
0.966615
0.968681
0.970752
0.972829
0.974911
0.976999
0.979093
0.981192
0.983296
0.985407
0.987523
0.989644
0.991771
0.993904
0.996043
0.998187
1.00034
1.00249
1.00465
1.00682
1.00899
1.01117
1.01336
1.01555
1.01774
1.01994
1.02215
1.02437
1.02659
1.02881
1.03104
1.03328
1.03552
1.03777
1.04002
1.04229
1.04455
1.04682
1.0491
1.05139
1.05368
1.05597
1.05828
1.06059
1.0629
1.06522
1.06755
1.06988
1.07222
1.07456
1.07692
1.07927
1.08164
1.08401
1.08638
1.08876
1.09115
1.09355
1.09595
1.09835
1.10077
1.10319
1.10561
1.10805
1.11048
1.11293
1.11538
1.11784
1.1203
1.12277
1.12525
1.12773
1.13022
1.13272
1.13522
1.13773
1.14025
1.14277
1.1453
1.14783
1.15037
1.15292
1.15548
1.15804
1.1606
1.16318
1.16576
1.16835
1.17094
1.17354
1.17615
1.17877
1.18139
1.18402
1.18665
1.18929
1.19194
1.1946
1.19726
1.19993
1.2026
1.20529
1.20797
1.21067
1.21337
1.21608
1.2188
1.22152
1.22426
1.22699
1.22974
1.23249
1.23525
1.23801
1.24079
1.24357
1.24635
1.24915
1.25195
1.25476
1.25757
1.2604
1.26323
1.26606
1.26891
1.27176
1.27462
1.27748
1.28036
1.28324
1.28612
1.28902
1.29192
1.29483
1.29775
1.30067
1.3036
1.30654
1.30949
1.31244
1.3154
1.31837
1.32135
1.32433
1.32732
1.33032
1.33332
1.33634
1.33936
1.34239
1.34542
1.34846
1.35152
1.35457
1.35764
1.36071
1.36379
1.36688
1.36998
1.37308
1.37619
1.37931
1.38244
1.38557
1.38872
1.39187
1.39502
1.39819
1.40136
1.40454
1.40773
1.41093
1.41413
1.41734
1.42056
1.42378
1.42702
1.43026
1.43351
1.43677
1.44003
1.44331
1.44659
1.44987
1.45317
1.45647
1.45978
1.4631
1.46643
1.46976
1.47311
1.47646
1.47981
1.48318
1.48655
1.48993
1.49332
1.49671
1.50011
1.50353
1.50694
1.51037
1.5138
1.51724
1.52069
1.52414
1.52761
1.53108
1.53455
1.53804
1.54153
1.54503
1.54853
1.55205
1.55557
1.55909
1.56263
1.56617
1.56972
1.57327
1.57684
1.58041
1.58398
1.58756
1.59115
1.59475
1.59835
1.60196
1.60558
1.6092
1.61283
1.61646
1.6201
1.62375
1.6274
1.63106
1.63472
1.63839
1.64206
1.64574
1.64943
1.65312
1.65682
1.66052
1.66423
1.66794
1.67166
1.67538
1.6791
1.68283
1.68657
1.69031
1.69405
1.6978
1.70155
1.7053
1.70906
1.71282
1.71659
1.72035
1.72412
1.7279
1.73167
1.73545
1.73923
1.74301
1.7468
1.75058
1.75437
1.75816
1.76195
1.76574
1.76953
1.77332
1.77712
1.78091
1.7847
1.78849
1.79228
1.79607
1.79986
1.80365
1.80744
1.81122
1.815
1.81878
1.82256
1.82634
1.83011
1.83387
1.83764
1.8414
1.84515
1.84891
1.85265
1.85639
1.86013
1.86386
1.86758
1.8713
1.87501
1.87871
1.88241
1.8861
1.88978
1.89345
1.89711
1.90077
1.90441
1.90804
1.91167
1.91528
1.91888
1.92248
1.92606
1.92962
1.93318
1.93672
1.94025
1.94376
1.94727
1.95075
1.95422
1.95768
1.96112
1.96455
1.96795
1.97135
1.97472
1.97808
1.98141
1.98473
1.98803
1.99132
1.99458
1.99782
2.00104
2.00424
2.00741
2.01057
2.0137
2.01681
2.0199
2.02296
2.026
2.02901
2.032
2.03496
2.0379
2.04081
2.0437
2.04655
2.04938
2.05218
2.05495
2.0577
2.06041
2.06309
2.06575
2.06837
2.07096
2.07352
2.07605
2.07854
2.081
2.08343
2.08583
2.08819
2.09051
2.0928
2.09506
2.09728
2.09947
2.10161
2.10372
2.1058
2.10783
2.10983
2.11179
2.11371
2.1156
2.11744
2.11924
2.12101
2.12273
2.12441
2.12606
2.12766
2.12921
2.13073
2.13221
2.13364
2.13503
2.13638
2.13768
2.13894
2.14016
2.14133
2.14246
2.14354
2.14458
2.14558
2.14652
2.14743
2.14829
2.1491
2.14987
2.15059
2.15127
2.1519
2.15248
2.15302
2.15351
2.15396
2.15436
2.15471
2.15501
2.15527
2.15548
2.15565
2.15577
2.15584
2.15586
