2048 1 1
1.26106e-10 1.45615e-10 2.0593e-10
14.7055
14.7052
14.7043
14.7028
14.7007
14.698
14.6947
14.6909
14.6864
14.6813
14.6757
14.6694
14.6626
14.6551
14.6471
14.6385
14.6293
14.6195
14.6092
14.5982
14.5867
14.5747
14.562
14.5488
14.535
14.5206
14.5057
14.4902
14.4742
14.4576
14.4405
14.4228
14.4046
14.3858
14.3665
14.3467
14.3263
14.3054
14.284
14.2621
14.2397
14.2167
14.1933
14.1693
14.1449
14.1199
14.0945
14.0686
14.0422
14.0153
13.988
13.9602
13.932
13.9033
13.8741
13.8445
13.8145
13.784
13.7531
13.7218
13.6901
13.6579
13.6253
13.5924
13.559
13.5253
13.4911
13.4566
13.4217
13.3864
13.3508
13.3148
13.2785
13.2418
13.2048
13.1674
13.1297
13.0917
13.0533
13.0147
12.9757
12.9365
12.8969
12.857
12.8169
12.7765
12.7358
12.6948
12.6536
12.6121
12.5703
12.5283
12.4861
12.4436
12.4009
12.358
12.3149
12.2715
12.2279
12.1841
12.1402
12.096
12.0516
12.0071
11.9624
11.9175
11.8724
11.8272
11.7818
11.7363
11.6906
11.6447
11.5988
11.5527
11.5064
11.4601
11.4136
11.367
11.3203
11.2734
11.2265
11.1795
11.1324
11.0852
11.0379
10.9905
10.943
10.8955
10.8479
10.8003
10.7525
10.7047
10.6569
10.609
10.5611
10.5131
10.4651
10.417
10.3689
10.3208
10.2727
10.2245
10.1763
10.1281
10.0799
10.0316
9.98341
9.93516
9.88691
9.83867
9.79042
9.74219
9.69396
9.64574
9.59754
9.54935
9.50119
9.45304
9.40492
9.35682
9.30875
9.26072
9.21271
9.16474
9.11681
9.06892
9.02106
8.97325
8.92549
8.87777
8.8301
8.78248
8.73491
8.6874
8.63994
8.59253
8.54519
8.4979
8.45068
8.40352
8.35642
8.30939
8.26242
8.21553
8.1687
8.12194
8.07526
8.02864
7.9821
7.93564
7.88925
7.84294
7.79671
7.75055
7.70448
7.65848
7.61257
7.56674
7.52099
7.47533
7.42975
7.38426
7.33885
7.29353
7.24829
7.20315
7.15809
7.11312
7.06824
7.02346
6.97876
6.93415
6.88964
6.84521
6.80088
6.75665
6.7125
6.66845
6.62449
6.58063
6.53686
6.49319
6.44961
6.40613
6.36274
6.31945
6.27626
6.23316
6.19016
6.14725
6.10445
6.06173
6.01912
5.9766
5.93418
5.89186
5.84964
5.80751
5.76548
5.72355
5.68172
5.63998
5.59835
5.55681
5.51537
5.47402
5.43278
5.39163
5.35058
5.30963
5.26878
5.22802
5.18736
5.1468
5.10634
5.06598
5.02571
4.98554
4.94547
4.9055
4.86562
4.82584
4.78616
4.74657
4.70708
4.66769
4.6284
4.5892
4.5501
4.51109
4.47218
4.43337
4.39465
4.35603
4.3175
4.27907
4.24074
4.2025
4.16435
4.1263
4.08835
4.05049
4.01272
3.97505
3.93748
3.89999
3.8626
3.82531
3.78811
3.751
3.71398
3.67706
3.64023
3.60349
3.56685
3.5303
3.49384
3.45747
3.42119
3.38501
3.34891
3.31291
3.277
3.24118
3.20545
3.16981
3.13427
3.09881
3.06344
3.02816
2.99297
2.95787
2.92286
2.88794
2.85311
2.81836
2.78371
2.74914
2.71466
2.68027
2.64597
2.61175
2.57762
2.54358
2.50963
2.47576
2.44198
2.40829
2.37468
2.34116
2.30772
2.27437
2.24111
2.20793
2.17483
2.14182
2.1089
2.07606
2.0433
2.01063
1.97805
1.94554
1.91312
1.88079
1.84853
1.81636
1.78428
1.75227
1.72035
1.68851
1.65676
1.62508
1.59349
1.56198
1.53055
1.4992
1.46793
1.43675
1.40564
1.37462
1.34368
1.31281
1.28203
1.25132
1.2207
1.19016
1.15969
1.12931
1.099
1.06877
1.03862
1.00855
0.978562
0.948648
0.918812
0.889055
0.859375
0.829772
0.800247
0.770799
0.741428
0.712135
0.682917
0.653776
0.624712
0.595724
0.566812
0.537976
0.509215
0.48053
0.451921
0.423386
0.394927
0.366542
0.338233
0.309998
0.281837
0.25375
0.225738
0.1978
0.169935
0.142144
0.114426
0.0867819
0.0592108
0.0317126
0.00428722
-0.0230655
-0.0503457
-0.0775535
-0.104689
-0.131753
-0.158744
-0.185664
-0.212513
-0.23929
-0.265995
-0.29263
-0.319194
-0.345686
-0.372108
-0.39846
-0.424741
-0.450952
-0.477093
-0.503164
-0.529165
-0.555097
-0.580959
-0.606752
-0.632475
-0.65813
-0.683716
-0.709233
-0.734681
-0.760061
-0.785373
-0.810616
-0.835792
-0.860899
-0.885939
-0.910911
-0.935816
-0.960654
-0.985424
-1.01013
-1.03476
-1.05933
-1.08384
-1.10827
-1.13264
-1.15695
-1.18119
-1.20536
-1.22947
-1.25351
-1.27748
-1.30139
-1.32524
-1.34902
-1.37273
-1.39638
-1.41997
-1.44349
-1.46694
-1.49034
-1.51366
-1.53693
-1.56013
-1.58326
-1.60634
-1.62935
-1.65229
-1.67517
-1.69799
-1.72075
-1.74345
-1.76608
-1.78865
-1.81115
-1.8336
-1.85598
-1.8783
-1.90055
-1.92275
-1.94489
-1.96696
-1.98897
-2.01092
-2.03281
-2.05464
-2.0764
-2.09811
-2.11976
-2.14134
-2.16286
-2.18433
-2.20573
-2.22708
-2.24836
-2.26959
-2.29075
-2.31186
-2.3329
-2.35389
-2.37481
-2.39568
-2.41649
-2.43724
-2.45793
-2.47857
-2.49914
-2.51966
-2.54011
-2.56051
-2.58086
-2.60114
-2.62137
-2.64153
-2.66164
-2.6817
-2.70169
-2.72163
-2.74151
-2.76134
-2.78111
-2.80082
-2.82047
-2.84007
-2.85961
-2.8791
-2.89852
-2.9179
-2.93721
-2.95647
-2.97568
-2.99483
-3.01392
-3.03296
-3.05194
-3.07087
-3.08975
-3.10856
-3.12733
-3.14603
-3.16469
-3.18329
-3.20183
-3.22032
-3.23876
-3.25714
-3.27547
-3.29374
-3.31196
-3.33013
-3.34824
-3.3663
-3.3843
-3.40225
-3.42015
-3.438
-3.45579
-3.47353
-3.49122
-3.50885
-3.52644
-3.54397
-3.56144
-3.57887
-3.59624
-3.61356
-3.63083
-3.64804
-3.66521
-3.68232
-3.69938
-3.71639
-3.73335
-3.75026
-3.76711
-3.78392
-3.80067
-3.81737
-3.83403
-3.85063
-3.86718
-3.88368
-3.90013
-3.91652
-3.93287
-3.94917
-3.96542
-3.98162
-3.99777
-4.01387
-4.02991
-4.04591
-4.06186
-4.07776
-4.09361
-4.10942
-4.12517
-4.14087
-4.15653
-4.17213
-4.18769
-4.2032
-4.21866
-4.23407
-4.24943
-4.26474
-4.28001
-4.29523
-4.3104
-4.32552
-4.34059
-4.35561
-4.37059
-4.38552
-4.4004
-4.41524
-4.43003
-4.44477
-4.45946
-4.47411
-4.4887
-4.50326
-4.51776
-4.53222
-4.54663
-4.56099
-4.57531
-4.58958
-4.60381
-4.61798
-4.63212
-4.6462
-4.66024
-4.67424
-4.68818
-4.70209
-4.71594
-4.72975
-4.74352
-4.75724
-4.77091
-4.78454
-4.79812
-4.81166
-4.82515
-4.8386
-4.852
-4.86536
-4.87867
-4.89194
-4.90516
-4.91834
-4.93148
-4.94457
-4.95761
-4.97061
-4.98357
-4.99648
-5.00935
-5.02217
-5.03495
-5.04769
-5.06038
-5.07303
-5.08563
-5.0982
-5.11071
-5.12319
-5.13562
-5.14801
-5.16035
-5.17265
-5.18491
-5.19713
-5.2093
-5.22143
-5.23351
-5.24556
-5.25756
-5.26952
-5.28143
-5.29331
-5.30514
-5.31693
-5.32867
-5.34038
-5.35204
-5.36366
-5.37524
-5.38677
-5.39826
-5.40972
-5.42113
-5.4325
-5.44382
-5.45511
-5.46635
-5.47756
-5.48872
-5.49984
-5.51091
-5.52195
-5.53295
-5.5439
-5.55482
-5.56569
-5.57652
-5.58732
-5.59807
-5.60878
-5.61945
-5.63008
-5.64066
-5.65121
-5.66172
-5.67219
-5.68262
-5.693
-5.70335
-5.71366
-5.72392
-5.73415
-5.74434
-5.75448
-5.76459
-5.77466
-5.78469
-5.79468
-5.80462
-5.81453
-5.8244
-5.83423
-5.84402
-5.85378
-5.86349
-5.87316
-5.8828
-5.89239
-5.90195
-5.91147
-5.92094
-5.93038
-5.93978
-5.94915
-5.95847
-5.96775
-5.977
-5.98621
-5.99538
-6.00451
-6.0136
-6.02266
-6.03167
-6.04065
-6.04959
-6.05849
-6.06735
-6.07618
-6.08497
-6.09372
-6.10243
-6.1111
-6.11974
-6.12834
-6.1369
-6.14542
-6.15391
-6.16235
-6.17076
-6.17914
-6.18747
-6.19577
-6.20403
-6.21226
-6.22045
-6.22859
-6.23671
-6.24478
-6.25282
-6.26082
-6.26879
-6.27672
-6.28461
-6.29246
-6.30028
-6.30806
-6.31581
-6.32351
-6.33118
-6.33882
-6.34642
-6.35398
-6.36151
-6.369
-6.37645
-6.38386
-6.39125
-6.39859
-6.4059
-6.41317
-6.42041
-6.42761
-6.43477
-6.4419
-6.44899
-6.45605
-6.46307
-6.47006
-6.477
-6.48392
-6.4908
-6.49764
-6.50445
-6.51122
-6.51795
-6.52466
-6.53132
-6.53795
-6.54455
-6.5511
-6.55763
-6.56412
-6.57057
-6.57699
-6.58337
-6.58972
-6.59604
-6.60231
-6.60856
-6.61477
-6.62094
-6.62708
-6.63318
-6.63925
-6.64529
-6.65129
-6.65725
-6.66318
-6.66908
-6.67494
-6.68077
-6.68656
-6.69232
-6.69804
-6.70373
-6.70939
-6.71501
-6.72059
-6.72614
-6.73166
-6.73714
-6.74259
-6.74801
-6.75339
-6.75874
-6.76405
-6.76933
-6.77457
-6.77978
-6.78496
-6.7901
-6.79521
-6.80029
-6.80533
-6.81034
-6.81531
-6.82025
-6.82516
-6.83003
-6.83487
-6.83968
-6.84445
-6.84919
-6.85389
-6.85856
-6.8632
-6.86781
-6.87238
-6.87691
-6.88142
-6.88589
-6.89033
-6.89473
-6.8991
-6.90344
-6.90775
-6.91202
-6.91625
-6.92046
-6.92463
-6.92877
-6.93288
-6.93695
-6.94099
-6.94499
-6.94897
-6.95291
-6.95682
-6.96069
-6.96453
-6.96834
-6.97212
-6.97586
-6.97957
-6.98325
-6.98689
-6.99051
-6.99409
-6.99763
-7.00115
-7.00463
-7.00808
-7.01149
-7.01488
-7.01823
-7.02155
-7.02483
-7.02809
-7.03131
-7.03449
-7.03765
-7.04077
-7.04386
-7.04692
-7.04995
-7.05294
-7.0559
-7.05883
-7.06173
-7.06459
-7.06743
-7.07022
-7.07299
-7.07573
-7.07843
-7.0811
-7.08374
-7.08635
-7.08892
-7.09146
-7.09397
-7.09645
-7.09889
-7.10131
-7.10369
-7.10604
-7.10836
-7.11064
-7.11289
-7.11511
-7.1173
-7.11946
-7.12159
-7.12368
-7.12574
-7.12777
-7.12977
-7.13173
-7.13366
-7.13557
-7.13743
-7.13927
-7.14108
-7.14285
-7.14459
-7.1463
-7.14798
-7.14963
-7.15124
-7.15283
-7.15438
-7.1559
-7.15738
-7.15884
-7.16026
-7.16166
-7.16302
-7.16434
-7.16564
-7.16691
-7.16814
-7.16934
-7.17051
-7.17165
-7.17276
-7.17383
-7.17487
-7.17589
-7.17687
-7.17781
-7.17873
-7.17962
-7.18047
-7.18129
-7.18208
-7.18284
-7.18357
-7.18426
-7.18492
-7.18556
-7.18616
-7.18673
-7.18726
-7.18777
-7.18824
-7.18868
-7.18909
-7.18947
-7.18982
-7.19014
-7.19042
-7.19067
-7.19089
-7.19108
-7.19124
-7.19137
-7.19146
-7.19153
-7.19156
-7.19156
-7.19153
-7.19146
-7.19137
-7.19124
-7.19108
-7.19089
-7.19067
-7.19042
-7.19014
-7.18982
-7.18947
-7.18909
-7.18868
-7.18824
-7.18777
-7.18726
-7.18673
-7.18616
-7.18556
-7.18492
-7.18426
-7.18357
-7.18284
-7.18208
-7.18129
-7.18047
-7.17962
-7.17873
-7.17781
-7.17687
-7.17589
-7.17487
-7.17383
-7.17276
-7.17165
-7.17051
-7.16934
-7.16814
-7.16691
-7.16564
-7.16434
-7.16302
-7.16166
-7.16026
-7.15884
-7.15738
-7.1559
-7.15438
-7.15283
-7.15124
-7.14963
-7.14798
-7.1463
-7.14459
-7.14285
-7.14108
-7.13927
-7.13743
-7.13557
-7.13366
-7.13173
-7.12977
-7.12777
-7.12574
-7.12368
-7.12159
-7.11946
-7.1173
-7.11511
-7.11289
-7.11064
-7.10836
-7.10604
-7.10369
-7.10131
-7.09889
-7.09645
-7.09397
-7.09146
-7.08892
-7.08635
-7.08374
-7.0811
-7.07843
-7.07573
-7.07299
-7.07022
-7.06743
-7.06459
-7.06173
-7.05883
-7.0559
-7.05294
-7.04995
-7.04692
-7.04386
-7.04077
-7.03765
-7.03449
-7.03131
-7.02809
-7.02483
-7.02155
-7.01823
-7.01488
-7.01149
-7.00808
-7.00463
-7.00115
-6.99763
-6.99409
-6.99051
-6.98689
-6.98325
-6.97957
-6.97586
-6.97212
-6.96834
-6.96453
-6.96069
-6.95682
-6.95291
-6.94897
-6.94499
-6.94099
-6.93695
-6.93288
-6.92877
-6.92463
-6.92046
-6.91625
-6.91202
-6.90775
-6.90344
-6.8991
-6.89473
-6.89033
-6.88589
-6.88142
-6.87691
-6.87238
-6.86781
-6.8632
-6.85856
-6.85389
-6.84919
-6.84445
-6.83968
-6.83487
-6.83003
-6.82516
-6.82025
-6.81531
-6.81034
-6.80533
-6.80029
-6.79521
-6.7901
-6.78496
-6.77978
-6.77457
-6.76933
-6.76405
-6.75874
-6.75339
-6.74801
-6.74259
-6.73714
-6.73166
-6.72614
-6.72059
-6.71501
-6.70939
-6.70373
-6.69804
-6.69232
-6.68656
-6.68077
-6.67494
-6.66908
-6.66318
-6.65725
-6.65129
-6.64529
-6.63925
-6.63318
-6.62708
-6.62094
-6.61477
-6.60856
-6.60231
-6.59604
-6.58972
-6.58337
-6.57699
-6.57057
-6.56412
-6.55763
-6.5511
-6.54455
-6.53795
-6.53132
-6.52466
-6.51795
-6.51122
-6.50445
-6.49764
-6.4908
-6.48392
-6.477
-6.47006
-6.46307
-6.45605
-6.44899
-6.4419
-6.43477
-6.42761
-6.42041
-6.41317
-6.4059
-6.39859
-6.39125
-6.38386
-6.37645
-6.369
-6.36151
-6.35398
-6.34642
-6.33882
-6.33118
-6.32351
-6.31581
-6.30806
-6.30028
-6.29246
-6.28461
-6.27672
-6.26879
-6.26082
-6.25282
-6.24478
-6.23671
-6.22859
-6.22045
-6.21226
-6.20403
-6.19577
-6.18747
-6.17914
-6.17076
-6.16235
-6.15391
-6.14542
-6.1369
-6.12834
-6.11974
-6.1111
-6.10243
-6.09372
-6.08497
-6.07618
-6.06735
-6.05849
-6.04959
-6.04065
-6.03167
-6.02266
-6.0136
-6.00451
-5.99538
-5.98621
-5.977
-5.96775
-5.95847
-5.94915
-5.93978
-5.93038
-5.92094
-5.91147
-5.90195
-5.89239
-5.8828
-5.87316
-5.86349
-5.85378
-5.84402
-5.83423
-5.8244
-5.81453
-5.80462
-5.79468
-5.78469
-5.77466
-5.76459
-5.75448
-5.74434
-5.73415
-5.72392
-5.71366
-5.70335
-5.693
-5.68262
-5.67219
-5.66172
-5.65121
-5.64066
-5.63008
-5.61945
-5.60878
-5.59807
-5.58732
-5.57652
-5.56569
-5.55482
-5.5439
-5.53295
-5.52195
-5.51091
-5.49984
-5.48872
-5.47756
-5.46635
-5.45511
-5.44382
-5.4325
-5.42113
-5.40972
-5.39826
-5.38677
-5.37524
-5.36366
-5.35204
-5.34038
-5.32867
-5.31693
-5.30514
-5.29331
-5.28143
-5.26952
-5.25756
-5.24556
-5.23351
-5.22143
-5.2093
-5.19713
-5.18491
-5.17265
-5.16035
-5.14801
-5.13562
-5.12319
-5.11071
-5.0982
-5.08563
-5.07303
-5.06038
-5.04769
-5.03495
-5.02217
-5.00935
-4.99648
-4.98357
-4.97061
-4.95761
-4.94457
-4.93148
-4.91834
-4.90516
-4.89194
-4.87867
-4.86536
-4.852
-4.8386
-4.82515
-4.81166
-4.79812
-4.78454
-4.77091
-4.75724
-4.74352
-4.72975
-4.71594
-4.70209
-4.68818
-4.67424
-4.66024
-4.6462
-4.63212
-4.61798
-4.60381
-4.58958
-4.57531
-4.56099
-4.54663
-4.53222
-4.51776
-4.50326
-4.4887
-4.47411
-4.45946
-4.44477
-4.43003
-4.41524
-4.4004
-4.38552
-4.37059
-4.35561
-4.34059
-4.32552
-4.3104
-4.29523
-4.28001
-4.26474
-4.24943
-4.23407
-4.21866
-4.2032
-4.18769
-4.17213
-4.15653
-4.14087
-4.12517
-4.10942
-4.09361
-4.07776
-4.06186
-4.04591
-4.02991
-4.01387
-3.99777
-3.98162
-3.96542
-3.94917
-3.93287
-3.91652
-3.90013
-3.88368
-3.86718
-3.85063
-3.83403
-3.81737
-3.80067
-3.78392
-3.76711
-3.75026
-3.73335
-3.71639
-3.69938
-3.68232
-3.66521
-3.64804
-3.63083
-3.61356
-3.59624
-3.57887
-3.56144
-3.54397
-3.52644
-3.50885
-3.49122
-3.47353
-3.45579
-3.438
-3.42015
-3.40225
-3.3843
-3.3663
-3.34824
-3.33013
-3.31196
-3.29374
-3.27547
-3.25714
-3.23876
-3.22032
-3.20183
-3.18329
-3.16469
-3.14603
-3.12733
-3.10856
-3.08975
-3.07087
-3.05194
-3.03296
-3.01392
-2.99483
-2.97568
-2.95647
-2.93721
-2.9179
-2.89852
-2.8791
-2.85961
-2.84007
-2.82047
-2.80082
-2.78111
-2.76134
-2.74151
-2.72163
-2.70169
-2.6817
-2.66164
-2.64153
-2.62137
-2.60114
-2.58086
-2.56051
-2.54011
-2.51966
-2.49914
-2.47857
-2.45793
-2.43724
-2.41649
-2.39568
-2.37481
-2.35389
-2.3329
-2.31186
-2.29075
-2.26959
-2.24836
-2.22708
-2.20573
-2.18433
-2.16286
-2.14134
-2.11976
-2.09811
-2.0764
-2.05464
-2.03281
-2.01092
-1.98897
-1.96696
-1.94489
-1.92275
-1.90055
-1.8783
-1.85598
-1.8336
-1.81115
-1.78865
-1.76608
-1.74345
-1.72075
-1.69799
-1.67517
-1.65229
-1.62935
-1.60634
-1.58326
-1.56013
-1.53693
-1.51366
-1.49034
-1.46694
-1.44349
-1.41997
-1.39638
-1.37273
-1.34902
-1.32524
-1.30139
-1.27748
-1.25351
-1.22947
-1.20536
-1.18119
-1.15695
-1.13264
-1.10827
-1.08384
-1.05933
-1.03476
-1.01013
-0.985424
-0.960654
-0.935816
-0.910911
-0.885939
-0.860899
-0.835792
-0.810616
-0.785373
-0.760061
-0.734681
-0.709233
-0.683716
-0.65813
-0.632475
-0.606752
-0.580959
-0.555097
-0.529165
-0.503164
-0.477093
-0.450952
-0.424741
-0.39846
-0.372108
-0.345686
-0.319194
-0.29263
-0.265995
-0.23929
-0.212513
-0.185664
-0.158744
-0.131753
-0.104689
-0.0775535
-0.0503457
-0.0230655
0.00428722
0.0317126
0.0592108
0.0867819
0.114426
0.142144
0.169935
0.1978
0.225738
0.25375
0.281837
0.309998
0.338233
0.366542
0.394927
0.423386
0.451921
0.48053
0.509215
0.537976
0.566812
0.595724
0.624712
0.653776
0.682917
0.712135
0.741428
0.770799
0.800247
0.829772
0.859375
0.889055
0.918812
0.948648
0.978562
1.00855
1.03862
1.06877
1.099
1.12931
1.15969
1.19016
1.2207
1.25132
1.28203
1.31281
1.34368
1.37462
1.40564
1.43675
1.46793
1.4992
1.53055
1.56198
1.59349
1.62508
1.65676
1.68851
1.72035
1.75227
1.78428
1.81636
1.84853
1.88079
1.91312
1.94554
1.97805
2.01063
2.0433
2.07606
2.1089
2.14182
2.17483
2.20793
2.24111
2.27437
2.30772
2.34116
2.37468
2.40829
2.44198
2.47576
2.50963
2.54358
2.57762
2.61175
2.64597
2.68027
2.71466
2.74914
2.78371
2.81836
2.85311
2.88794
2.92286
2.95787
2.99297
3.02816
3.06344
3.09881
3.13427
3.16981
3.20545
3.24118
3.277
3.31291
3.34891
3.38501
3.42119
3.45747
3.49384
3.5303
3.56685
3.60349
3.64023
3.67706
3.71398
3.751
3.78811
3.82531
3.8626
3.89999
3.93748
3.97505
4.01272
4.05049
4.08835
4.1263
4.16435
4.2025
4.24074
4.27907
4.3175
4.35603
4.39465
4.43337
4.47218
4.51109
4.5501
4.5892
4.6284
4.66769
4.70708
4.74657
4.78616
4.82584
4.86562
4.9055
4.94547
4.98554
5.02571
5.06598
5.10634
5.1468
5.18736
5.22802
5.26878
5.30963
5.35058
5.39163
5.43278
5.47402
5.51537
5.55681
5.59835
5.63998
5.68172
5.72355
5.76548
5.80751
5.84964
5.89186
5.93418
5.9766
6.01912
6.06173
6.10445
6.14725
6.19016
6.23316
6.27626
6.31945
6.36274
6.40613
6.44961
6.49319
6.53686
6.58063
6.62449
6.66845
6.7125
6.75665
6.80088
6.84521
6.88964
6.93415
6.97876
7.02346
7.06824
7.11312
7.15809
7.20315
7.24829
7.29353
7.33885
7.38426
7.42975
7.47533
7.52099
7.56674
7.61257
7.65848
7.70448
7.75055
7.79671
7.84294
7.88925
7.93564
7.9821
8.02864
8.07526
8.12194
8.1687
8.21553
8.26242
8.30939
8.35642
8.40352
8.45068
8.4979
8.54519
8.59253
8.63994
8.6874
8.73491
8.78248
8.8301
8.87777
8.92549
8.97325
9.02106
9.06892
9.11681
9.16474
9.21271
9.26072
9.30875
9.35682
9.40492
9.45304
9.50119
9.54935
9.59754
9.64574
9.69396
9.74219
9.79042
9.83867
9.88691
9.93516
9.98341
10.0316
10.0799
10.1281
10.1763
10.2245
10.2727
10.3208
10.3689
10.417
10.4651
10.5131
10.5611
10.609
10.6569
10.7047
10.7525
10.8003
10.8479
10.8955
10.943
10.9905
11.0379
11.0852
11.1324
11.1795
11.2265
11.2734
11.3203
11.367
11.4136
11.4601
11.5064
11.5527
11.5988
11.6447
11.6906
11.7363
11.7818
11.8272
11.8724
11.9175
11.9624
12.0071
12.0516
12.096
12.1402
12.1841
12.2279
12.2715
12.3149
12.358
12.4009
12.4436
12.4861
12.5283
12.5703
12.6121
12.6536
12.6948
12.7358
12.7765
12.8169
12.857
12.8969
12.9365
12.9757
13.0147
13.0533
13.0917
13.1297
13.1674
13.2048
13.2418
13.2785
13.3148
13.3508
13.3864
13.4217
13.4566
13.4911
13.5253
13.559
13.5924
13.6253
13.6579
13.6901
13.7218
13.7531
13.784
13.8145
13.8445
13.8741
13.9033
13.932
13.9602
13.988
14.0153
14.0422
14.0686
14.0945
14.1199
14.1449
14.1693
14.1933
14.2167
14.2397
14.2621
14.284
14.3054
14.3263
14.3467
14.3665
14.3858
14.4046
14.4228
14.4405
14.4576
14.4742
14.4902
14.5057
14.5206
14.535
14.5488
14.562
14.5747
14.5867
14.5982
14.6092
14.6195
14.6293
14.6385
14.6471
14.6551
14.6626
14.6694
14.6757
14.6813
14.6864
14.6909
14.6947
14.698
14.7007
14.7028
14.7043
14.7052
14.7055
