2048 1 1
1.26106e-10 1.45615e-10 2.0593e-10
10.3836
10.3828
10.3803
10.3761
10.3702
10.3626
10.3534
10.3426
10.33
10.3158
10.3
10.2825
10.2634
10.2427
10.2204
10.1965
10.1709
10.1438
10.1152
10.085
10.0532
10.02
9.98519
9.94894
9.91121
9.87203
9.83141
9.78938
9.74595
9.70115
9.65499
9.6075
9.5587
9.5086
9.45724
9.40464
9.35082
9.2958
9.23961
9.18228
9.12383
9.06428
9.00367
8.94201
8.87935
8.81569
8.75108
8.68554
8.61909
8.55177
8.48361
8.41462
8.34485
8.27432
8.20306
8.1311
8.05847
7.98519
7.9113
7.83683
7.76181
7.68625
7.61021
7.5337
7.45675
7.3794
7.30166
7.22358
7.14518
7.06648
6.98753
6.90833
6.82894
6.74936
6.66963
6.58978
6.50983
6.42981
6.34975
6.26967
6.1896
6.10957
6.02959
5.9497
5.86992
5.79028
5.71079
5.63148
5.55238
5.4735
5.39487
5.31651
5.23844
5.16068
5.08325
5.00618
4.92948
4.85317
4.77727
4.70179
4.62676
4.55219
4.4781
4.4045
4.33141
4.25885
4.18682
4.11535
4.04444
3.97412
3.90438
3.83525
3.76673
3.69884
3.63158
3.56498
3.49902
3.43374
3.36912
3.30519
3.24195
3.1794
3.11755
3.05642
2.996
2.93629
2.87732
2.81907
2.76155
2.70477
2.64873
2.59343
2.53888
2.48507
2.43201
2.37969
2.32813
2.27731
2.22725
2.17793
2.12936
2.08153
2.03446
1.98812
1.94253
1.89767
1.85355
1.81017
1.76751
1.72558
1.68437
1.64388
1.60411
1.56504
1.52668
1.48902
1.45205
1.41577
1.38017
1.34526
1.31101
1.27743
1.24451
1.21224
1.18061
1.14963
1.11927
1.08955
1.06044
1.03194
1.00404
0.976744
0.950034
0.923905
0.898349
0.873359
0.848927
0.825044
0.801704
0.778899
0.75662
0.734859
0.713608
0.692861
0.672607
0.65284
0.633552
0.614734
0.596379
0.578478
0.561024
0.544008
0.527423
0.511262
0.495515
0.480175
0.465236
0.450688
0.436525
0.422738
0.40932
0.396265
0.383564
0.371209
0.359195
0.347513
0.336157
0.32512
0.314394
0.303972
0.293849
0.284017
0.274469
0.2652
0.256202
0.247469
0.238996
0.230775
0.222801
0.215068
0.20757
0.2003
0.193254
0.186426
0.17981
0.1734
0.167193
0.161181
0.15536
0.149725
0.144272
0.138994
0.133888
0.128949
0.124172
0.119552
0.115086
0.110769
0.106596
0.102564
0.0986684
0.0949055
0.0912714
0.0877623
0.0843744
0.0811042
0.0779481
0.0749028
0.0719647
0.0691308
0.0663977
0.0637624
0.0612217
0.0587728
0.0564127
0.0541387
0.0519479
0.0498377
0.0478055
0.0458487
0.043965
0.0421518
0.0404068
0.0387279
0.0371127
0.0355591
0.034065
0.0326285
0.0312474
0.02992
0.0286444
0.0274186
0.0262412
0.0251102
0.024024
0.0229812
0.02198
0.0210191
0.0200969
0.0192121
0.0183633
0.0175491
0.0167683
0.0160197
0.015302
0.0146141
0.0139549
0.0133232
0.0127181
0.0121385
0.0115835
0.011052
0.0105433
0.0100563
0.00959023
0.00914431
0.00871771
0.00830968
0.00791946
0.00754634
0.00718964
0.00684869
0.00652286
0.00621153
0.0059141
0.00563
0.00535868
0.00509961
0.00485228
0.0046162
0.0043909
0.00417592
0.00397082
0.00377519
0.00358861
0.0034107
0.00324109
0.00307942
0.00292533
0.00277851
0.00263863
0.00250539
0.00237849
0.00225765
0.00214261
0.0020331
0.00192887
0.00182969
0.00173534
0.00164558
0.00156021
0.00147903
0.00140185
0.00132848
0.00125875
0.00119248
0.00112952
0.00106971
0.00101291
0.000958965
0.000907747
0.000859126
0.000812978
0.000769184
0.000727632
0.000688213
0.000650824
0.000615368
0.000581748
0.000549877
0.000519668
0.000491039
0.000463912
0.000438212
0.00041387
0.000390817
0.000368988
0.000348322
0.00032876
0.000310247
0.000292729
0.000276155
0.000260478
0.000245651
0.00023163
0.000218374
0.000205844
0.000194001
0.000182811
0.000172237
0.000162249
0.000152816
0.000143908
0.000135497
0.000127557
0.000120063
0.000112991
0.000106318
0.000100023
9.40862e-05
8.8487e-05
8.32076e-05
7.82305e-05
7.35393e-05
6.91182e-05
6.49524e-05
6.10277e-05
5.7331e-05
5.38495e-05
5.05712e-05
4.74848e-05
4.45796e-05
4.18454e-05
3.92725e-05
3.68518e-05
3.45748e-05
3.24332e-05
3.04193e-05
2.85259e-05
2.6746e-05
2.50731e-05
2.35011e-05
2.2024e-05
2.06365e-05
1.93332e-05
1.81093e-05
1.69602e-05
1.58814e-05
1.48688e-05
1.39185e-05
1.30269e-05
1.21904e-05
1.14058e-05
1.06699e-05
9.97993e-06
9.33306e-06
8.7267e-06
8.15841e-06
7.6259e-06
7.127e-06
6.65965e-06
6.22195e-06
5.81208e-06
5.42832e-06
5.06909e-06
4.73286e-06
4.41823e-06
4.12384e-06
3.84844e-06
3.59086e-06
3.34997e-06
3.12474e-06
2.91418e-06
2.71737e-06
2.53344e-06
2.36158e-06
2.20102e-06
2.05105e-06
1.91098e-06
1.7802e-06
1.65809e-06
1.54412e-06
1.43774e-06
1.33848e-06
1.24586e-06
1.15947e-06
1.0789e-06
1.00376e-06
9.33702e-07
8.68394e-07
8.07524e-07
7.508e-07
6.97947e-07
6.4871e-07
6.02849e-07
5.60139e-07
5.20371e-07
4.83349e-07
4.48888e-07
4.16816e-07
3.86973e-07
3.59209e-07
3.33383e-07
3.09364e-07
2.87028e-07
2.66263e-07
2.46959e-07
2.29019e-07
2.12347e-07
1.96857e-07
1.82467e-07
1.69102e-07
1.56691e-07
1.45167e-07
1.34468e-07
1.24538e-07
1.15323e-07
1.06773e-07
9.88399e-08
9.14818e-08
8.46578e-08
7.83302e-08
7.24638e-08
6.70259e-08
6.1986e-08
5.73159e-08
5.2989e-08
4.89809e-08
4.52686e-08
4.18309e-08
3.86481e-08
3.57016e-08
3.29744e-08
3.04507e-08
2.81155e-08
2.59553e-08
2.39571e-08
2.21092e-08
2.04005e-08
1.88209e-08
1.73607e-08
1.60112e-08
1.47643e-08
1.36123e-08
1.25481e-08
1.15652e-08
1.06576e-08
9.81968e-09
9.04614e-09
8.3322e-09
7.67336e-09
7.06547e-09
6.50469e-09
5.98745e-09
5.51044e-09
5.07062e-09
4.66516e-09
4.29141e-09
3.94698e-09
3.6296e-09
3.3372e-09
3.06786e-09
2.8198e-09
2.59138e-09
2.38108e-09
2.1875e-09
2.00932e-09
1.84536e-09
1.69451e-09
1.55573e-09
1.4281e-09
1.31072e-09
1.20279e-09
1.10357e-09
1.01237e-09
9.28563e-10
8.51554e-10
7.80804e-10
7.15818e-10
6.56135e-10
6.01326e-10
5.51011e-10
5.04825e-10
4.62433e-10
4.23533e-10
3.87844e-10
3.55103e-10
3.25074e-10
2.97537e-10
2.72288e-10
2.49141e-10
2.27925e-10
2.08482e-10
1.90667e-10
1.74346e-10
1.59395e-10
1.45705e-10
1.33168e-10
1.21689e-10
1.11184e-10
1.01568e-10
9.27676e-11
8.47186e-11
7.73545e-11
7.06182e-11
6.44591e-11
5.88281e-11
5.36784e-11
4.89743e-11
4.46726e-11
4.07424e-11
3.71545e-11
3.38749e-11
3.08793e-11
2.81463e-11
2.56485e-11
2.33703e-11
2.12907e-11
1.93926e-11
1.76609e-11
1.60812e-11
1.46411e-11
1.33269e-11
1.21287e-11
1.10366e-11
1.00421e-11
9.13636e-12
8.30735e-12
7.55662e-12
6.87073e-12
6.24711e-12
5.67701e-12
5.15943e-12
4.68792e-12
4.25926e-12
3.86835e-12
3.51308e-12
3.19189e-12
2.89602e-12
2.62868e-12
2.38765e-12
2.16593e-12
1.96454e-12
1.78402e-12
1.61771e-12
1.46649e-12
1.33027e-12
1.20604e-12
1.09246e-12
9.91318e-13
8.97393e-13
8.12683e-13
7.36966e-13
6.67133e-13
6.03406e-13
5.47895e-13
4.94826e-13
4.48086e-13
4.05009e-13
3.6704e-13
3.30291e-13
2.99982e-13
2.70117e-13
2.45581e-13
2.21156e-13
1.99729e-13
1.81744e-13
1.62648e-13
1.46438e-13
1.33338e-13
1.19571e-13
1.07581e-13
9.80327e-14
8.74856e-14
7.91589e-14
7.24976e-14
6.38378e-14
5.76206e-14
5.31797e-14
4.68514e-14
4.15223e-14
3.91909e-14
3.4972e-14
3.03091e-14
2.85327e-14
2.4647e-14
2.19824e-14
1.85407e-14
1.77636e-14
1.59872e-14
1.36557e-14
1.25455e-14
1.08802e-14
1.04361e-14
9.32587e-15
8.54872e-15
7.77156e-15
6.10623e-15
5.55112e-15
5.44009e-15
4.21885e-15
3.9968e-15
3.9968e-15
2.22045e-15
2.10942e-15
2.33147e-15
1.55431e-15
1.66533e-15
1.88738e-15
9.99201e-16
0
1.11022e-15
2.22045e-16
-4.44089e-16
4.44089e-16
-6.66134e-16
-8.88178e-16
0
-1.11022e-15
-1.55431e-15
-6.66134e-16
-8.88178e-16
-1.9984e-15
-6.66134e-16
-1.33227e-15
-1.9984e-15
-8.88178e-16
-6.66134e-16
-2.22045e-15
-1.33227e-15
-1.77636e-15
-1.9984e-15
-1.33227e-15
-1.9984e-15
-2.66454e-15
-2.22045e-16
-2.88658e-15
-2.44249e-15
-2.22045e-16
-1.9984e-15
-2.44249e-15
-1.11022e-15
-2.44249e-15
-2.22045e-15
-1.55431e-15
-2.44249e-15
-3.10862e-15
-1.77636e-15
-2.66454e-15
2.22045e-16
-6.66134e-16
-2.66454e-15
3.33067e-16
-4.44089e-16
-2.66454e-15
-1.77636e-15
-1.77636e-15
-4.44089e-16
-2.22045e-16
-1.11022e-15
-1.11022e-15
4.44089e-16
-2.44249e-15
-3.10862e-15
3.33067e-16
-2.66454e-15
-8.88178e-16
2.22045e-16
-1.33227e-15
-2.22045e-16
-1.11022e-15
-1.33227e-15
-2.22045e-16
1.11022e-15
-1.9984e-15
1.11022e-16
4.44089e-16
-1.77636e-15
-4.44089e-16
7.77156e-16
-2.88658e-15
-2.22045e-16
0
-2.22045e-15
-6.66134e-16
-1.55431e-15
-1.77636e-15
8.88178e-16
1.11022e-16
-1.9984e-15
7.77156e-16
-1.11022e-15
-1.55431e-15
1.22125e-15
2.22045e-16
-1.55431e-15
4.44089e-16
-4.44089e-16
-1.77636e-15
1.33227e-15
1.11022e-16
-1.77636e-15
4.44089e-16
-2.44249e-15
-4.44089e-16
1.44329e-15
-2.88658e-15
-1.11022e-15
0
-2.44249e-15
-4.44089e-16
4.44089e-16
-1.77636e-15
2.22045e-16
7.77156e-16
-1.77636e-15
2.66454e-15
0
-2.66454e-15
1.66533e-15
5.55112e-16
-2.22045e-15
2.55351e-15
1.22125e-15
-4.44089e-16
1.77636e-15
1.11022e-16
-2.22045e-16
2.44249e-15
6.66134e-16
2.22045e-16
2.55351e-15
-8.88178e-16
5.55112e-16
2.55351e-15
-4.44089e-16
6.66134e-16
1.88738e-15
-8.88178e-16
-4.44089e-16
-4.44089e-16
0
5.55112e-16
1.11022e-15
-8.88178e-16
7.77156e-16
1.9984e-15
-1.11022e-15
1.44329e-15
9.99201e-16
-2.22045e-16
6.66134e-16
0
2.22045e-16
8.88178e-16
4.44089e-16
-6.66134e-16
1.44329e-15
4.44089e-16
1.11022e-16
1.9984e-15
-1.11022e-15
1.44329e-15
1.66533e-15
8.88178e-16
1.22125e-15
6.66134e-16
1.22125e-15
1.22125e-15
8.88178e-16
-6.66134e-16
1.33227e-15
9.99201e-16
-4.44089e-16
7.77156e-16
1.11022e-15
1.11022e-16
6.66134e-16
-4.44089e-16
-4.44089e-16
6.66134e-16
3.33067e-16
5.55112e-16
9.99201e-16
4.44089e-16
4.44089e-16
9.99201e-16
2.22045e-16
-2.22045e-16
8.88178e-16
3.33067e-16
-2.22045e-16
5.55112e-16
6.66134e-16
-4.44089e-16
5.55112e-16
-2.22045e-16
0
7.77156e-16
5.55112e-16
-2.22045e-16
1.11022e-16
0
-6.66134e-16
2.22045e-16
1.11022e-16
-6.66134e-16
6.66134e-16
-6.66134e-16
0
5.55112e-16
-2.22045e-16
7.77156e-16
6.66134e-16
-2.22045e-16
9.99201e-16
-2.22045e-16
6.66134e-16
5.55112e-16
1.33227e-15
5.55112e-16
1.11022e-16
9.99201e-16
7.77156e-16
4.44089e-16
1.66533e-15
7.77156e-16
3.33067e-16
6.66134e-16
5.55112e-16
1.44329e-15
1.11022e-15
9.99201e-16
4.44089e-16
7.77156e-16
7.77156e-16
9.99201e-16
1.55431e-15
2.22045e-16
7.77156e-16
8.88178e-16
1.11022e-16
2.22045e-16
1.33227e-15
0
6.66134e-16
1.44329e-15
4.44089e-16
5.55112e-16
-4.44089e-16
1.22125e-15
3.33067e-16
1.55431e-15
-6.66134e-16
3.33067e-16
1.44329e-15
-4.44089e-16
3.33067e-16
1.33227e-15
-4.44089e-16
9.99201e-16
-2.22045e-16
4.44089e-16
4.44089e-16
-4.44089e-16
-6.66134e-16
7.77156e-16
-2.22045e-16
-2.22045e-16
3.33067e-16
-6.66134e-16
0
1.44329e-15
1.11022e-16
6.66134e-16
1.55431e-15
-2.22045e-16
-2.22045e-16
8.88178e-16
3.33067e-16
1.55431e-15
1.44329e-15
7.77156e-16
0
8.88178e-16
2.22045e-16
7.77156e-16
5.55112e-16
2.22045e-16
-4.44089e-16
2.22045e-16
0
1.22125e-15
1.33227e-15
-2.22045e-16
1.11022e-16
1.66533e-15
-6.66134e-16
1.33227e-15
9.99201e-16
6.66134e-16
6.66134e-16
1.55431e-15
6.66134e-16
1.9984e-15
1.55431e-15
5.55112e-16
1.9984e-15
-2.22045e-16
5.55112e-16
1.33227e-15
1.44329e-15
7.77156e-16
9.99201e-16
0
7.77156e-16
-2.22045e-16
4.44089e-16
1.11022e-15
1.44329e-15
5.55112e-16
1.11022e-16
-6.66134e-16
-4.44089e-16
8.88178e-16
-6.66134e-16
0
1.11022e-15
6.66134e-16
-6.66134e-16
6.66134e-16
3.33067e-16
-6.66134e-16
1.22125e-15
8.88178e-16
-6.66134e-16
1.11022e-16
3.33067e-16
1.11022e-16
4.44089e-16
6.66134e-16
6.66134e-16
6.66134e-16
0
7.77156e-16
7.77156e-16
-2.22045e-16
1.22125e-15
3.33067e-16
5.55112e-16
5.55112e-16
6.66134e-16
5.55112e-16
1.11022e-16
-4.44089e-16
-2.22045e-16
3.33067e-16
1.11022e-16
0
-2.22045e-16
-4.44089e-16
0
2.22045e-16
2.22045e-16
2.22045e-16
-2.22045e-16
-4.44089e-16
-8.88178e-16
-2.22045e-16
2.22045e-16
3.33067e-16
7.77156e-16
-2.22045e-16
1.11022e-16
-4.44089e-16
1.11022e-16
-2.22045e-16
-8.88178e-16
-8.88178e-16
-2.22045e-16
3.33067e-16
-2.22045e-16
-1.11022e-15
1.11022e-16
3.33067e-16
2.22045e-16
-4.44089e-16
4.44089e-16
-8.88178e-16
3.33067e-16
9.99201e-16
-4.44089e-16
-2.22045e-16
8.88178e-16
-4.44089e-16
-2.22045e-16
1.11022e-16
1.11022e-16
3.33067e-16
2.22045e-16
4.44089e-16
-8.88178e-16
1.11022e-15
0
1.11022e-16
-1.33227e-15
5.55112e-16
0
-4.44089e-16
-1.55431e-15
-4.44089e-16
-2.22045e-16
-6.66134e-16
-1.77636e-15
-4.44089e-16
-8.88178e-16
-1.11022e-15
-1.55431e-15
-1.9984e-15
-4.44089e-16
-2.22045e-16
-1.11022e-15
-1.55431e-15
-1.77636e-15
-1.55431e-15
-6.66134e-16
-2.44249e-15
2.22045e-16
-8.88178e-16
-1.33227e-15
-1.55431e-15
-1.11022e-15
-1.33227e-15
1.11022e-16
0
-6.66134e-16
-6.66134e-16
-1.55431e-15
-1.77636e-15
-1.33227e-15
-2.22045e-16
7.77156e-16
2.22045e-16
0
-1.33227e-15
-1.11022e-15
-4.44089e-16
-2.22045e-15
1.11022e-16
-6.66134e-16
1.11022e-16
1.11022e-16
1.11022e-16
-1.33227e-15
4.44089e-16
3.33067e-16
4.44089e-16
-4.44089e-16
7.77156e-16
-4.44089e-16
3.33067e-16
0
1.11022e-16
2.22045e-16
4.44089e-16
-4.44089e-16
-1.77636e-15
9.99201e-16
-1.77636e-15
4.44089e-16
7.77156e-16
2.22045e-16
-1.9984e-15
1.44329e-15
-1.55431e-15
1.33227e-15
0
5.55112e-16
-1.77636e-15
9.99201e-16
-2.22045e-15
1.22125e-15
-1.11022e-15
-1.77636e-15
-1.11022e-15
1.11022e-15
-1.9984e-15
6.66134e-16
-4.44089e-16
-2.66454e-15
-8.88178e-16
-1.11022e-15
-8.88178e-16
-1.33227e-15
1.11022e-15
-2.66454e-15
-8.88178e-16
-2.22045e-16
-4.44089e-16
-8.88178e-16
0
0
-1.11022e-15
-8.88178e-16
-1.77636e-15
-2.22045e-16
-4.44089e-16
-1.11022e-15
6.66134e-16
-4.44089e-16
-1.55431e-15
-6.66134e-16
-6.66134e-16
-4.44089e-16
-2.22045e-16
-1.55431e-15
0
-1.33227e-15
1.11022e-15
-1.11022e-15
2.22045e-16
-1.33227e-15
-4.44089e-16
-6.66134e-16
8.88178e-16
1.55431e-15
-2.22045e-15
-1.77636e-15
-4.44089e-16
-1.33227e-15
-8.88178e-16
1.33227e-15
-2.22045e-16
-1.55431e-15
6.66134e-16
-8.88178e-16
-8.88178e-16
1.77636e-15
-4.44089e-16
-1.77636e-15
4.44089e-16
-1.77636e-15
6.66134e-16
6.66134e-16
-6.66134e-16
-1.11022e-15
-2.22045e-16
-1.55431e-15
3.33067e-16
-4.44089e-16
-1.9984e-15
7.77156e-16
0
-1.11022e-15
3.33067e-16
3.33067e-16
-1.55431e-15
9.99201e-16
1.11022e-15
-4.44089e-16
5.55112e-16
6.66134e-16
-1.55431e-15
1.11022e-15
1.22125e-15
-1.11022e-15
1.66533e-15
-1.33227e-15
-1.11022e-15
1.11022e-15
1.44329e-15
-8.88178e-16
8.88178e-16
-1.55431e-15
-1.33227e-15
-1.77636e-15
-2.66454e-15
-6.66134e-16
1.44329e-15
-1.11022e-15
-4.44089e-16
-1.9984e-15
-2.44249e-15
-6.66134e-16
-2.66454e-15
1.44329e-15
-6.66134e-16
-2.66454e-15
-2.44249e-15
-2.22045e-16
-2.22045e-15
-2.22045e-16
-2.22045e-16
1.66533e-15
-1.9984e-15
0
-1.33227e-15
-6.66134e-16
2.22045e-16
-2.22045e-16
0
1.66533e-15
-2.88658e-15
-2.66454e-15
-2.22045e-16
-2.88658e-15
1.11022e-16
2.10942e-15
-1.11022e-15
1.77636e-15
-6.66134e-16
-3.10862e-15
3.33067e-16
-2.22045e-16
1.11022e-16
1.66533e-15
2.77556e-15
0
7.77156e-16
7.77156e-16
-6.66134e-16
-6.66134e-16
3.21965e-15
3.33067e-16
1.9984e-15
-1.11022e-15
1.11022e-16
-6.66134e-16
3.77476e-15
7.77156e-16
2.55351e-15
2.88658e-15
-4.44089e-16
1.44329e-15
-2.22045e-15
6.66134e-16
1.77636e-15
2.33147e-15
4.44089e-16
1.88738e-15
-8.88178e-16
7.77156e-16
-2.66454e-15
2.33147e-15
4.44089e-16
-2.66454e-15
3.9968e-15
-4.44089e-16
-2.44249e-15
1.9984e-15
3.33067e-16
-2.22045e-15
3.9968e-15
1.22125e-15
-2.66454e-15
2.66454e-15
4.44089e-16
-1.33227e-15
-6.66134e-16
3.77476e-15
-2.22045e-15
1.9984e-15
1.11022e-15
-1.55431e-15
-1.11022e-15
3.55271e-15
-1.77636e-15
2.22045e-15
7.77156e-16
-1.77636e-15
-4.44089e-16
3.21965e-15
-2.44249e-15
2.88658e-15
3.44169e-15
7.77156e-16
-4.44089e-16
9.99201e-16
-8.88178e-16
2.44249e-15
2.9976e-15
1.11022e-15
-6.66134e-16
3.66374e-15
1.66533e-15
2.66454e-15
3.33067e-15
-6.66134e-16
1.11022e-16
3.77476e-15
1.33227e-15
2.22045e-16
3.21965e-15
2.22045e-16
5.55112e-16
2.9976e-15
1.22125e-15
3.21965e-15
2.66454e-15
1.55431e-15
3.33067e-16
-4.44089e-16
1.33227e-15
3.10862e-15
2.22045e-15
1.22125e-15
1.11022e-15
-2.22045e-16
2.10942e-15
1.44329e-15
3.10862e-15
2.22045e-15
1.33227e-15
2.77556e-15
1.88738e-15
1.88738e-15
3.66374e-15
2.77556e-15
2.22045e-15
2.9976e-15
3.44169e-15
3.66374e-15
5.21805e-15
3.88578e-15
3.9968e-15
3.10862e-15
5.32907e-15
6.66134e-15
8.10463e-15
7.77156e-15
8.10463e-15
7.32747e-15
8.99281e-15
1.17684e-14
1.33227e-14
1.28786e-14
1.4988e-14
1.36557e-14
1.64313e-14
1.9984e-14
2.32037e-14
2.35367e-14
2.53131e-14
2.80886e-14
3.16414e-14
3.69704e-14
4.11893e-14
4.30767e-14
4.86278e-14
5.22915e-14
5.78426e-14
6.4948e-14
7.4718e-14
7.9825e-14
8.9706e-14
9.73666e-14
1.07803e-13
1.22236e-13
1.35336e-13
1.4666e-13
1.64868e-13
1.80411e-13
1.98619e-13
2.21378e-13
2.48024e-13
2.69895e-13
2.99982e-13
3.32956e-13
3.64819e-13
4.05898e-13
4.49418e-13
4.92828e-13
5.47007e-13
6.05183e-13
6.66245e-13
7.35856e-13
8.15126e-13
8.94951e-13
9.90208e-13
1.09401e-12
1.20448e-12
1.33005e-12
1.46871e-12
1.61726e-12
1.78046e-12
1.96743e-12
2.1626e-12
2.3852e-12
2.63134e-12
2.89646e-12
3.18745e-12
3.51486e-12
3.86746e-12
4.25882e-12
4.68969e-12
5.15854e-12
5.67613e-12
6.24734e-12
6.86895e-12
7.5524e-12
8.30802e-12
9.13392e-12
1.00412e-11
1.10395e-11
1.21287e-11
1.33233e-11
1.46424e-11
1.60801e-11
1.76567e-11
1.93908e-11
2.1289e-11
2.33659e-11
2.56494e-11
2.81427e-11
3.08757e-11
3.38725e-11
3.71525e-11
4.07389e-11
4.4673e-11
4.89698e-11
5.36735e-11
5.88256e-11
6.44582e-11
7.06137e-11
7.73522e-11
8.47195e-11
9.27647e-11
1.01566e-10
1.11184e-10
1.21686e-10
1.33167e-10
1.45705e-10
1.59392e-10
1.74344e-10
1.90668e-10
2.08479e-10
2.27922e-10
2.49141e-10
2.72283e-10
2.97535e-10
3.25075e-10
3.55104e-10
3.87843e-10
4.23529e-10
4.62428e-10
5.04822e-10
5.51013e-10
6.01328e-10
6.56129e-10
7.15817e-10
7.80801e-10
8.5155e-10
9.28566e-10
1.01238e-09
1.10357e-09
1.20279e-09
1.31071e-09
1.42809e-09
1.55574e-09
1.69451e-09
1.84536e-09
2.00932e-09
2.18749e-09
2.38108e-09
2.59139e-09
2.8198e-09
3.06786e-09
3.33719e-09
3.62959e-09
3.94697e-09
4.29141e-09
4.66515e-09
5.07062e-09
5.51045e-09
5.98744e-09
6.50468e-09
7.06547e-09
7.67336e-09
8.3322e-09
9.04614e-09
9.81967e-09
1.06576e-08
1.15652e-08
1.25481e-08
1.36122e-08
1.47643e-08
1.60112e-08
1.73607e-08
1.88209e-08
2.04005e-08
2.21092e-08
2.39571e-08
2.59553e-08
2.81155e-08
3.04507e-08
3.29744e-08
3.57016e-08
3.86481e-08
4.18309e-08
4.52686e-08
4.89809e-08
5.2989e-08
5.73159e-08
6.1986e-08
6.70259e-08
7.24637e-08
7.83302e-08
8.46578e-08
9.14818e-08
9.88399e-08
1.06773e-07
1.15323e-07
1.24538e-07
1.34468e-07
1.45167e-07
1.56691e-07
1.69102e-07
1.82467e-07
1.96857e-07
2.12347e-07
2.29019e-07
2.46959e-07
2.66263e-07
2.87028e-07
3.09364e-07
3.33383e-07
3.59209e-07
3.86973e-07
4.16816e-07
4.48888e-07
4.83349e-07
5.20371e-07
5.60139e-07
6.02849e-07
6.4871e-07
6.97947e-07
7.508e-07
8.07524e-07
8.68394e-07
9.33702e-07
1.00376e-06
1.0789e-06
1.15947e-06
1.24586e-06
1.33848e-06
1.43774e-06
1.54412e-06
1.65809e-06
1.7802e-06
1.91098e-06
2.05105e-06
2.20102e-06
2.36158e-06
2.53344e-06
2.71737e-06
2.91418e-06
3.12474e-06
3.34997e-06
3.59086e-06
3.84844e-06
4.12384e-06
4.41823e-06
4.73286e-06
5.06909e-06
5.42832e-06
5.81208e-06
6.22195e-06
6.65965e-06
7.127e-06
7.6259e-06
8.15841e-06
8.7267e-06
9.33306e-06
9.97993e-06
1.06699e-05
1.14058e-05
1.21904e-05
1.30269e-05
1.39185e-05
1.48688e-05
1.58814e-05
1.69602e-05
1.81093e-05
1.93332e-05
2.06365e-05
2.2024e-05
2.35011e-05
2.50731e-05
2.6746e-05
2.85259e-05
3.04193e-05
3.24332e-05
3.45748e-05
3.68518e-05
3.92725e-05
4.18454e-05
4.45796e-05
4.74848e-05
5.05712e-05
5.38495e-05
5.7331e-05
6.10277e-05
6.49524e-05
6.91182e-05
7.35393e-05
7.82305e-05
8.32076e-05
8.8487e-05
9.40862e-05
0.000100023
0.000106318
0.000112991
0.000120063
0.000127557
0.000135497
0.000143908
0.000152816
0.000162249
0.000172237
0.000182811
0.000194001
0.000205844
0.000218374
0.00023163
0.000245651
0.000260478
0.000276155
0.000292729
0.000310247
0.00032876
0.000348322
0.000368988
0.000390817
0.00041387
0.000438212
0.000463912
0.000491039
0.000519668
0.000549877
0.000581748
0.000615368
0.000650824
0.000688213
0.000727632
0.000769184
0.000812978
0.000859126
0.000907747
0.000958965
0.00101291
0.00106971
0.00112952
0.00119248
0.00125875
0.00132848
0.00140185
0.00147903
0.00156021
0.00164558
0.00173534
0.00182969
0.00192887
0.0020331
0.00214261
0.00225765
0.00237849
0.00250539
0.00263863
0.00277851
0.00292533
0.00307942
0.00324109
0.0034107
0.00358861
0.00377519
0.00397082
0.00417592
0.0043909
0.0046162
0.00485228
0.00509961
0.00535868
0.00563
0.0059141
0.00621153
0.00652286
0.00684869
0.00718964
0.00754634
0.00791946
0.00830968
0.00871771
0.00914431
0.00959023
0.0100563
0.0105433
0.011052
0.0115835
0.0121385
0.0127181
0.0133232
0.0139549
0.0146141
0.015302
0.0160197
0.0167683
0.0175491
0.0183633
0.0192121
0.0200969
0.0210191
0.02198
0.0229812
0.024024
0.0251102
0.0262412
0.0274186
0.0286444
0.02992
0.0312474
0.0326285
0.034065
0.0355591
0.0371127
0.0387279
0.0404068
0.0421518
0.043965
0.0458487
0.0478055
0.0498377
0.0519479
0.0541387
0.0564127
0.0587728
0.0612217
0.0637624
0.0663977
0.0691308
0.0719647
0.0749028
0.0779481
0.0811042
0.0843744
0.0877623
0.0912714
0.0949055
0.0986684
0.102564
0.106596
0.110769
0.115086
0.119552
0.124172
0.128949
0.133888
0.138994
0.144272
0.149725
0.15536
0.161181
0.167193
0.1734
0.17981
0.186426
0.193254
0.2003
0.20757
0.215068
0.222801
0.230775
0.238996
0.247469
0.256202
0.2652
0.274469
0.284017
0.293849
0.303972
0.314394
0.32512
0.336157
0.347513
0.359195
0.371209
0.383564
0.396265
0.40932
0.422738
0.436525
0.450688
0.465236
0.480175
0.495515
0.511262
0.527423
0.544008
0.561024
0.578478
0.596379
0.614734
0.633552
0.65284
0.672607
0.692861
0.713608
0.734859
0.75662
0.778899
0.801704
0.825044
0.848927
0.873359
0.898349
0.923905
0.950034
0.976744
1.00404
1.03194
1.06044
1.08955
1.11927
1.14963
1.18061
1.21224
1.24451
1.27743
1.31101
1.34526
1.38017
1.41577
1.45205
1.48902
1.52668
1.56504
1.60411
1.64388
1.68437
1.72558
1.76751
1.81017
1.85355
1.89767
1.94253
1.98812
2.03446
2.08153
2.12936
2.17793
2.22725
2.27731
2.32813
2.37969
2.43201
2.48507
2.53888
2.59343
2.64873
2.70477
2.76155
2.81907
2.87732
2.93629
2.996
3.05642
3.11755
3.1794
3.24195
3.30519
3.36912
3.43374
3.49902
3.56498
3.63158
3.69884
3.76673
3.83525
3.90438
3.97412
4.04444
4.11535
4.18682
4.25885
4.33141
4.4045
4.4781
4.55219
4.62676
4.70179
4.77727
4.85317
4.92948
5.00618
5.08325
5.16068
5.23844
5.31651
5.39487
5.4735
5.55238
5.63148
5.71079
5.79028
5.86992
5.9497
6.02959
6.10957
6.1896
6.26967
6.34975
6.42981
6.50983
6.58978
6.66963
6.74936
6.82894
6.90833
6.98753
7.06648
7.14518
7.22358
7.30166
7.3794
7.45675
7.5337
7.61021
7.68625
7.76181
7.83683
7.9113
7.98519
8.05847
8.1311
8.20306
8.27432
8.34485
8.41462
8.48361
8.55177
8.61909
8.68554
8.75108
8.81569
8.87935
8.94201
9.00367
9.06428
9.12383
9.18228
9.23961
9.2958
9.35082
9.40464
9.45724
9.5086
9.5587
9.6075
9.65499
9.70115
9.74595
9.78938
9.83141
9.87203
9.91121
9.94894
9.98519
10.02
10.0532
10.085
10.1152
10.1438
10.1709
10.1965
10.2204
10.2427
10.2634
10.2825
10.3
10.3158
10.33
10.3426
10.3534
10.3626
10.3702
10.3761
10.3803
10.3828
10.3836
