2048 1 1
1.26106e-10 1.45615e-10 2.0593e-10
-0.00122858
9.70163e+09
1.94013e+10
2.90972e+10
3.87873e+10
4.84697e+10
5.81425e+10
6.78038e+10
7.74516e+10
8.70842e+10
9.66996e+10
1.06296e+11
1.15871e+11
1.25424e+11
1.34951e+11
1.44453e+11
1.53926e+11
1.63369e+11
1.7278e+11
1.82157e+11
1.91498e+11
2.00803e+11
2.10068e+11
2.19293e+11
2.28476e+11
2.37614e+11
2.46707e+11
2.55752e+11
2.64749e+11
2.73695e+11
2.82589e+11
2.91429e+11
3.00214e+11
3.08943e+11
3.17613e+11
3.26224e+11
3.34774e+11
3.43262e+11
3.51686e+11
3.60046e+11
3.68339e+11
3.76565e+11
3.84722e+11
3.92809e+11
4.00825e+11
4.08769e+11
4.16639e+11
4.24435e+11
4.32156e+11
4.398e+11
4.47368e+11
4.54856e+11
4.62266e+11
4.69595e+11
4.76844e+11
4.8401e+11
4.91095e+11
4.98096e+11
5.05013e+11
5.11845e+11
5.18593e+11
5.25254e+11
5.31829e+11
5.38317e+11
5.44718e+11
5.51031e+11
5.57256e+11
5.63392e+11
5.69439e+11
5.75396e+11
5.81264e+11
5.87042e+11
5.9273e+11
5.98327e+11
6.03834e+11
6.0925e+11
6.14576e+11
6.19811e+11
6.24954e+11
6.30007e+11
6.3497e+11
6.39841e+11
6.44622e+11
6.49312e+11
6.53912e+11
6.58421e+11
6.62841e+11
6.6717e+11
6.7141e+11
6.75561e+11
6.79622e+11
6.83595e+11
6.8748e+11
6.91277e+11
6.94986e+11
6.98608e+11
7.02143e+11
7.05592e+11
7.08956e+11
7.12234e+11
7.15427e+11
7.18537e+11
7.21563e+11
7.24506e+11
7.27366e+11
7.30145e+11
7.32843e+11
7.3546e+11
7.37998e+11
7.40456e+11
7.42836e+11
7.45139e+11
7.47365e+11
7.49514e+11
7.51588e+11
7.53588e+11
7.55513e+11
7.57366e+11
7.59146e+11
7.60855e+11
7.62493e+11
7.64061e+11
7.65561e+11
7.66992e+11
7.68356e+11
7.69654e+11
7.70886e+11
7.72053e+11
7.73156e+11
7.74197e+11
7.75175e+11
7.76092e+11
7.76949e+11
7.77746e+11
7.78485e+11
7.79166e+11
7.7979e+11
7.80358e+11
7.80872e+11
7.81331e+11
7.81737e+11
7.8209e+11
7.82392e+11
7.82644e+11
7.82846e+11
7.82999e+11
7.83103e+11
7.83161e+11
7.83173e+11
7.83139e+11
7.8306e+11
7.82938e+11
7.82773e+11
7.82566e+11
7.82318e+11
7.8203e+11
7.81702e+11
7.81335e+11
7.8093e+11
7.80488e+11
7.8001e+11
7.79496e+11
7.78948e+11
7.78366e+11
7.7775e+11
7.77102e+11
7.76422e+11
7.75711e+11
7.7497e+11
7.74199e+11
7.734e+11
7.72572e+11
7.71717e+11
7.70836e+11
7.69928e+11
7.68995e+11
7.68037e+11
7.67054e+11
7.66049e+11
7.65021e+11
7.6397e+11
7.62898e+11
7.61805e+11
7.60691e+11
7.59558e+11
7.58405e+11
7.57233e+11
7.56044e+11
7.54837e+11
7.53613e+11
7.52372e+11
7.51115e+11
7.49843e+11
7.48556e+11
7.47254e+11
7.45938e+11
7.44608e+11
7.43266e+11
7.4191e+11
7.40543e+11
7.39163e+11
7.37773e+11
7.36371e+11
7.34959e+11
7.33536e+11
7.32104e+11
7.30662e+11
7.29212e+11
7.27752e+11
7.26285e+11
7.24809e+11
7.23326e+11
7.21835e+11
7.20338e+11
7.18833e+11
7.17323e+11
7.15806e+11
7.14284e+11
7.12756e+11
7.11223e+11
7.09685e+11
7.08143e+11
7.06596e+11
7.05045e+11
7.0349e+11
7.01931e+11
7.00369e+11
6.98804e+11
6.97235e+11
6.95664e+11
6.94091e+11
6.92515e+11
6.90937e+11
6.89357e+11
6.87775e+11
6.86191e+11
6.84606e+11
6.8302e+11
6.81433e+11
6.79844e+11
6.78255e+11
6.76665e+11
6.75075e+11
6.73485e+11
6.71894e+11
6.70303e+11
6.68712e+11
6.67121e+11
6.65531e+11
6.63941e+11
6.62351e+11
6.60763e+11
6.59174e+11
6.57587e+11
6.56001e+11
6.54415e+11
6.52831e+11
6.51248e+11
6.49666e+11
6.48086e+11
6.46507e+11
6.44929e+11
6.43353e+11
6.41779e+11
6.40206e+11
6.38635e+11
6.37067e+11
6.35499e+11
6.33934e+11
6.32371e+11
6.3081e+11
6.29252e+11
6.27695e+11
6.26141e+11
6.24588e+11
6.23039e+11
6.21491e+11
6.19946e+11
6.18403e+11
6.16863e+11
6.15325e+11
6.1379e+11
6.12258e+11
6.10728e+11
6.092e+11
6.07675e+11
6.06153e+11
6.04634e+11
6.03117e+11
6.01604e+11
6.00092e+11
5.98584e+11
5.97079e+11
5.95576e+11
5.94076e+11
5.92579e+11
5.91085e+11
5.89593e+11
5.88105e+11
5.8662e+11
5.85137e+11
5.83657e+11
5.82181e+11
5.80707e+11
5.79236e+11
5.77768e+11
5.76304e+11
5.74842e+11
5.73383e+11
5.71927e+11
5.70474e+11
5.69024e+11
5.67577e+11
5.66133e+11
5.64693e+11
5.63255e+11
5.6182e+11
5.60388e+11
5.58959e+11
5.57533e+11
5.5611e+11
5.54691e+11
5.53274e+11
5.5186e+11
5.50449e+11
5.49042e+11
5.47637e+11
5.46235e+11
5.44836e+11
5.43441e+11
5.42048e+11
5.40658e+11
5.39272e+11
5.37888e+11
5.36507e+11
5.35129e+11
5.33755e+11
5.32383e+11
5.31014e+11
5.29648e+11
5.28285e+11
5.26925e+11
5.25568e+11
5.24214e+11
5.22863e+11
5.21515e+11
5.2017e+11
5.18827e+11
5.17488e+11
5.16151e+11
5.14818e+11
5.13487e+11
5.12159e+11
5.10834e+11
5.09512e+11
5.08193e+11
5.06877e+11
5.05564e+11
5.04253e+11
5.02946e+11
5.01641e+11
5.00339e+11
4.9904e+11
4.97744e+11
4.9645e+11
4.95159e+11
4.93872e+11
4.92587e+11
4.91304e+11
4.90025e+11
4.88748e+11
4.87474e+11
4.86203e+11
4.84935e+11
4.8367e+11
4.82407e+11
4.81147e+11
4.79889e+11
4.78635e+11
4.77383e+11
4.76134e+11
4.74887e+11
4.73644e+11
4.72403e+11
4.71164e+11
4.69929e+11
4.68696e+11
4.67465e+11
4.66238e+11
4.65013e+11
4.6379e+11
4.62571e+11
4.61354e+11
4.60139e+11
4.58927e+11
4.57718e+11
4.56512e+11
4.55308e+11
4.54106e+11
4.52908e+11
4.51711e+11
4.50518e+11
4.49327e+11
4.48138e+11
4.46952e+11
4.45769e+11
4.44588e+11
4.4341e+11
4.42234e+11
4.41061e+11
4.3989e+11
4.38722e+11
4.37556e+11
4.36393e+11
4.35232e+11
4.34074e+11
4.32918e+11
4.31765e+11
4.30614e+11
4.29466e+11
4.2832e+11
4.27177e+11
4.26036e+11
4.24897e+11
4.23761e+11
4.22627e+11
4.21496e+11
4.20367e+11
4.1924e+11
4.18116e+11
4.16995e+11
4.15875e+11
4.14758e+11
4.13644e+11
4.12531e+11
4.11421e+11
4.10314e+11
4.09209e+11
4.08106e+11
4.07005e+11
4.05907e+11
4.04811e+11
4.03718e+11
4.02626e+11
4.01537e+11
4.00451e+11
3.99366e+11
3.98284e+11
3.97204e+11
3.96127e+11
3.95051e+11
3.93978e+11
3.92907e+11
3.91839e+11
3.90772e+11
3.89708e+11
3.88646e+11
3.87587e+11
3.86529e+11
3.85474e+11
3.84421e+11
3.8337e+11
3.82322e+11
3.81275e+11
3.80231e+11
3.79189e+11
3.78149e+11
3.77111e+11
3.76075e+11
3.75042e+11
3.7401e+11
3.72981e+11
3.71954e+11
3.70929e+11
3.69906e+11
3.68886e+11
3.67867e+11
3.6685e+11
3.65836e+11
3.64824e+11
3.63813e+11
3.62805e+11
3.61799e+11
3.60795e+11
3.59793e+11
3.58793e+11
3.57795e+11
3.56799e+11
3.55805e+11
3.54814e+11
3.53824e+11
3.52836e+11
3.5185e+11
3.50867e+11
3.49885e+11
3.48905e+11
3.47928e+11
3.46952e+11
3.45978e+11
3.45006e+11
3.44037e+11
3.43069e+11
3.42103e+11
3.41139e+11
3.40177e+11
3.39217e+11
3.38259e+11
3.37303e+11
3.36348e+11
3.35396e+11
3.34446e+11
3.33497e+11
3.32551e+11
3.31606e+11
3.30663e+11
3.29722e+11
3.28783e+11
3.27846e+11
3.26911e+11
3.25977e+11
3.25046e+11
3.24116e+11
3.23188e+11
3.22262e+11
3.21338e+11
3.20416e+11
3.19495e+11
3.18577e+11
3.1766e+11
3.16745e+11
3.15831e+11
3.1492e+11
3.1401e+11
3.13102e+11
3.12196e+11
3.11292e+11
3.1039e+11
3.09489e+11
3.0859e+11
3.07693e+11
3.06797e+11
3.05904e+11
3.05012e+11
3.04122e+11
3.03233e+11
3.02346e+11
3.01461e+11
3.00578e+11
2.99697e+11
2.98817e+11
2.97939e+11
2.97062e+11
2.96187e+11
2.95314e+11
2.94443e+11
2.93573e+11
2.92705e+11
2.91839e+11
2.90974e+11
2.90111e+11
2.8925e+11
2.8839e+11
2.87532e+11
2.86676e+11
2.85821e+11
2.84968e+11
2.84116e+11
2.83266e+11
2.82418e+11
2.81571e+11
2.80726e+11
2.79883e+11
2.79041e+11
2.78201e+11
2.77362e+11
2.76525e+11
2.7569e+11
2.74856e+11
2.74023e+11
2.73192e+11
2.72363e+11
2.71536e+11
2.70709e+11
2.69885e+11
2.69062e+11
2.6824e+11
2.6742e+11
2.66602e+11
2.65785e+11
2.64969e+11
2.64156e+11
2.63343e+11
2.62532e+11
2.61723e+11
2.60915e+11
2.60109e+11
2.59304e+11
2.585e+11
2.57698e+11
2.56898e+11
2.56099e+11
2.55301e+11
2.54505e+11
2.5371e+11
2.52917e+11
2.52125e+11
2.51335e+11
2.50546e+11
2.49759e+11
2.48973e+11
2.48188e+11
2.47405e+11
2.46623e+11
2.45843e+11
2.45064e+11
2.44286e+11
2.4351e+11
2.42735e+11
2.41962e+11
2.4119e+11
2.40419e+11
2.3965e+11
2.38882e+11
2.38115e+11
2.3735e+11
2.36586e+11
2.35824e+11
2.35063e+11
2.34303e+11
2.33545e+11
2.32788e+11
2.32032e+11
2.31277e+11
2.30524e+11
2.29772e+11
2.29022e+11
2.28273e+11
2.27525e+11
2.26778e+11
2.26033e+11
2.25289e+11
2.24546e+11
2.23805e+11
2.23064e+11
2.22326e+11
2.21588e+11
2.20852e+11
2.20117e+11
2.19383e+11
2.1865e+11
2.17919e+11
2.17189e+11
2.1646e+11
2.15732e+11
2.15006e+11
2.14281e+11
2.13557e+11
2.12834e+11
2.12113e+11
2.11392e+11
2.10673e+11
2.09955e+11
2.09239e+11
2.08523e+11
2.07809e+11
2.07096e+11
2.06384e+11
2.05673e+11
2.04963e+11
2.04255e+11
2.03548e+11
2.02842e+11
2.02137e+11
2.01433e+11
2.0073e+11
2.00029e+11
1.99329e+11
1.98629e+11
1.97931e+11
1.97235e+11
1.96539e+11
1.95844e+11
1.9515e+11
1.94458e+11
1.93767e+11
1.93077e+11
1.92387e+11
1.91699e+11
1.91012e+11
1.90327e+11
1.89642e+11
1.88958e+11
1.88276e+11
1.87594e+11
1.86914e+11
1.86234e+11
1.85556e+11
1.84879e+11
1.84202e+11
1.83527e+11
1.82853e+11
1.8218e+11
1.81508e+11
1.80837e+11
1.80167e+11
1.79498e+11
1.7883e+11
1.78164e+11
1.77498e+11
1.76833e+11
1.76169e+11
1.75506e+11
1.74844e+11
1.74184e+11
1.73524e+11
1.72865e+11
1.72207e+11
1.7155e+11
1.70894e+11
1.70239e+11
1.69585e+11
1.68933e+11
1.68281e+11
1.67629e+11
1.66979e+11
1.6633e+11
1.65682e+11
1.65035e+11
1.64389e+11
1.63743e+11
1.63099e+11
1.62455e+11
1.61813e+11
1.61171e+11
1.6053e+11
1.59891e+11
1.59252e+11
1.58614e+11
1.57977e+11
1.5734e+11
1.56705e+11
1.56071e+11
1.55437e+11
1.54805e+11
1.54173e+11
1.53542e+11
1.52912e+11
1.52283e+11
1.51655e+11
1.51027e+11
1.50401e+11
1.49775e+11
1.49151e+11
1.48527e+11
1.47904e+11
1.47281e+11
1.4666e+11
1.46039e+11
1.4542e+11
1.44801e+11
1.44183e+11
1.43565e+11
1.42949e+11
1.42333e+11
1.41719e+11
1.41105e+11
1.40492e+11
1.39879e+11
1.39268e+11
1.38657e+11
1.38047e+11
1.37438e+11
1.36829e+11
1.36222e+11
1.35615e+11
1.35009e+11
1.34403e+11
1.33799e+11
1.33195e+11
1.32592e+11
1.3199e+11
1.31388e+11
1.30787e+11
1.30187e+11
1.29588e+11
1.2899e+11
1.28392e+11
1.27795e+11
1.27198e+11
1.26603e+11
1.26008e+11
1.25414e+11
1.2482e+11
1.24228e+11
1.23636e+11
1.23044e+11
1.22454e+11
1.21864e+11
1.21275e+11
1.20686e+11
1.20098e+11
1.19511e+11
1.18925e+11
1.18339e+11
1.17754e+11
1.17169e+11
1.16585e+11
1.16002e+11
1.1542e+11
1.14838e+11
1.14257e+11
1.13676e+11
1.13097e+11
1.12517e+11
1.11939e+11
1.11361e+11
1.10784e+11
1.10207e+11
1.09631e+11
1.09056e+11
1.08481e+11
1.07907e+11
1.07333e+11
1.0676e+11
1.06188e+11
1.05616e+11
1.05045e+11
1.04475e+11
1.03905e+11
1.03336e+11
1.02767e+11
1.02199e+11
1.01631e+11
1.01064e+11
1.00498e+11
9.99322e+10
9.93669e+10
9.88023e+10
9.82382e+10
9.76746e+10
9.71116e+10
9.65492e+10
9.59873e+10
9.5426e+10
9.48652e+10
9.4305e+10
9.37453e+10
9.31861e+10
9.26274e+10
9.20693e+10
9.15117e+10
9.09547e+10
9.03981e+10
8.98421e+10
8.92866e+10
8.87316e+10
8.81771e+10
8.76231e+10
8.70696e+10
8.65166e+10
8.59641e+10
8.54121e+10
8.48606e+10
8.43095e+10
8.3759e+10
8.32089e+10
8.26593e+10
8.21102e+10
8.15615e+10
8.10133e+10
8.04656e+10
7.99183e+10
7.93715e+10
7.88251e+10
7.82792e+10
7.77337e+10
7.71887e+10
7.66441e+10
7.61e+10
7.55562e+10
7.5013e+10
7.44701e+10
7.39277e+10
7.33857e+10
7.28441e+10
7.23029e+10
7.17622e+10
7.12218e+10
7.06819e+10
7.01423e+10
6.96032e+10
6.90644e+10
6.85261e+10
6.79881e+10
6.74506e+10
6.69134e+10
6.63766e+10
6.58402e+10
6.53041e+10
6.47685e+10
6.42332e+10
6.36982e+10
6.31637e+10
6.26294e+10
6.20956e+10
6.15621e+10
6.10289e+10
6.04961e+10
5.99637e+10
5.94316e+10
5.88998e+10
5.83684e+10
5.78373e+10
5.73065e+10
5.67761e+10
5.62459e+10
5.57161e+10
5.51867e+10
5.46575e+10
5.41286e+10
5.36001e+10
5.30719e+10
5.25439e+10
5.20163e+10
5.14889e+10
5.09619e+10
5.04351e+10
4.99087e+10
4.93825e+10
4.88566e+10
4.8331e+10
4.78056e+10
4.72806e+10
4.67558e+10
4.62312e+10
4.5707e+10
4.5183e+10
4.46592e+10
4.41357e+10
4.36125e+10
4.30895e+10
4.25667e+10
4.20442e+10
4.1522e+10
4.09999e+10
4.04781e+10
3.99566e+10
3.94352e+10
3.89141e+10
3.83932e+10
3.78726e+10
3.73521e+10
3.68319e+10
3.63118e+10
3.5792e+10
3.52724e+10
3.4753e+10
3.42338e+10
3.37147e+10
3.31959e+10
3.26773e+10
3.21588e+10
3.16406e+10
3.11225e+10
3.06046e+10
3.00868e+10
2.95693e+10
2.90519e+10
2.85346e+10
2.80176e+10
2.75007e+10
2.69839e+10
2.64673e+10
2.59509e+10
2.54346e+10
2.49184e+10
2.44024e+10
2.38865e+10
2.33708e+10
2.28552e+10
2.23397e+10
2.18244e+10
2.13092e+10
2.07941e+10
2.02791e+10
1.97642e+10
1.92495e+10
1.87349e+10
1.82203e+10
1.77059e+10
1.71916e+10
1.66773e+10
1.61632e+10
1.56492e+10
1.51352e+10
1.46213e+10
1.41076e+10
1.35939e+10
1.30802e+10
1.25667e+10
1.20532e+10
1.15398e+10
1.10265e+10
1.05132e+10
9.99997e+09
9.48681e+09
8.9737e+09
8.46064e+09
7.94764e+09
7.43467e+09
6.92175e+09
6.40887e+09
5.89603e+09
5.38322e+09
4.87044e+09
4.35768e+09
3.84496e+09
3.33225e+09
2.81957e+09
2.30689e+09
1.79424e+09
1.28159e+09
7.68952e+08
2.56317e+08
-2.56317e+08
-7.68952e+08
-1.28159e+09
-1.79424e+09
-2.30689e+09
-2.81957e+09
-3.33225e+09
-3.84496e+09
-4.35768e+09
-4.87044e+09
-5.38322e+09
-5.89603e+09
-6.40887e+09
-6.92175e+09
-7.43467e+09
-7.94764e+09
-8.46064e+09
-8.9737e+09
-9.48681e+09
-9.99997e+09
-1.05132e+10
-1.10265e+10
-1.15398e+10
-1.20532e+10
-1.25667e+10
-1.30802e+10
-1.35939e+10
-1.41076e+10
-1.46213e+10
-1.51352e+10
-1.56492e+10
-1.61632e+10
-1.66773e+10
-1.71916e+10
-1.77059e+10
-1.82203e+10
-1.87349e+10
-1.92495e+10
-1.97642e+10
-2.02791e+10
-2.07941e+10
-2.13092e+10
-2.18244e+10
-2.23397e+10
-2.28552e+10
-2.33708e+10
-2.38865e+10
-2.44024e+10
-2.49184e+10
-2.54346e+10
-2.59509e+10
-2.64673e+10
-2.69839e+10
-2.75007e+10
-2.80176e+10
-2.85346e+10
-2.90519e+10
-2.95693e+10
-3.00868e+10
-3.06046e+10
-3.11225e+10
-3.16406e+10
-3.21588e+10
-3.26773e+10
-3.31959e+10
-3.37147e+10
-3.42338e+10
-3.4753e+10
-3.52724e+10
-3.5792e+10
-3.63118e+10
-3.68319e+10
-3.73521e+10
-3.78726e+10
-3.83932e+10
-3.89141e+10
-3.94352e+10
-3.99566e+10
-4.04781e+10
-4.09999e+10
-4.1522e+10
-4.20442e+10
-4.25667e+10
-4.30895e+10
-4.36125e+10
-4.41357e+10
-4.46592e+10
-4.5183e+10
-4.5707e+10
-4.62312e+10
-4.67558e+10
-4.72806e+10
-4.78056e+10
-4.8331e+10
-4.88566e+10
-4.93825e+10
-4.99087e+10
-5.04351e+10
-5.09619e+10
-5.14889e+10
-5.20163e+10
-5.25439e+10
-5.30719e+10
-5.36001e+10
-5.41286e+10
-5.46575e+10
-5.51867e+10
-5.57161e+10
-5.62459e+10
-5.67761e+10
-5.73065e+10
-5.78373e+10
-5.83684e+10
-5.88998e+10
-5.94316e+10
-5.99637e+10
-6.04961e+10
-6.10289e+10
-6.15621e+10
-6.20956e+10
-6.26294e+10
-6.31637e+10
-6.36982e+10
-6.42332e+10
-6.47685e+10
-6.53041e+10
-6.58402e+10
-6.63766e+10
-6.69134e+10
-6.74506e+10
-6.79881e+10
-6.85261e+10
-6.90644e+10
-6.96032e+10
-7.01423e+10
-7.06819e+10
-7.12218e+10
-7.17622e+10
-7.23029e+10
-7.28441e+10
-7.33857e+10
-7.39277e+10
-7.44701e+10
-7.5013e+10
-7.55562e+10
-7.61e+10
-7.66441e+10
-7.71887e+10
-7.77337e+10
-7.82792e+10
-7.88251e+10
-7.93715e+10
-7.99183e+10
-8.04656e+10
-8.10133e+10
-8.15615e+10
-8.21102e+10
-8.26593e+10
-8.32089e+10
-8.3759e+10
-8.43095e+10
-8.48606e+10
-8.54121e+10
-8.59641e+10
-8.65166e+10
-8.70696e+10
-8.76231e+10
-8.81771e+10
-8.87316e+10
-8.92866e+10
-8.98421e+10
-9.03981e+10
-9.09547e+10
-9.15117e+10
-9.20693e+10
-9.26274e+10
-9.31861e+10
-9.37453e+10
-9.4305e+10
-9.48652e+10
-9.5426e+10
-9.59873e+10
-9.65492e+10
-9.71116e+10
-9.76746e+10
-9.82382e+10
-9.88023e+10
-9.93669e+10
-9.99322e+10
-1.00498e+11
-1.01064e+11
-1.01631e+11
-1.02199e+11
-1.02767e+11
-1.03336e+11
-1.03905e+11
-1.04475e+11
-1.05045e+11
-1.05616e+11
-1.06188e+11
-1.0676e+11
-1.07333e+11
-1.07907e+11
-1.08481e+11
-1.09056e+11
-1.09631e+11
-1.10207e+11
-1.10784e+11
-1.11361e+11
-1.11939e+11
-1.12517e+11
-1.13097e+11
-1.13676e+11
-1.14257e+11
-1.14838e+11
-1.1542e+11
-1.16002e+11
-1.16585e+11
-1.17169e+11
-1.17754e+11
-1.18339e+11
-1.18925e+11
-1.19511e+11
-1.20098e+11
-1.20686e+11
-1.21275e+11
-1.21864e+11
-1.22454e+11
-1.23044e+11
-1.23636e+11
-1.24228e+11
-1.2482e+11
-1.25414e+11
-1.26008e+11
-1.26603e+11
-1.27198e+11
-1.27795e+11
-1.28392e+11
-1.2899e+11
-1.29588e+11
-1.30187e+11
-1.30787e+11
-1.31388e+11
-1.3199e+11
-1.32592e+11
-1.33195e+11
-1.33799e+11
-1.34403e+11
-1.35009e+11
-1.35615e+11
-1.36222e+11
-1.36829e+11
-1.37438e+11
-1.38047e+11
-1.38657e+11
-1.39268e+11
-1.39879e+11
-1.40492e+11
-1.41105e+11
-1.41719e+11
-1.42333e+11
-1.42949e+11
-1.43565e+11
-1.44183e+11
-1.44801e+11
-1.4542e+11
-1.46039e+11
-1.4666e+11
-1.47281e+11
-1.47904e+11
-1.48527e+11
-1.49151e+11
-1.49775e+11
-1.50401e+11
-1.51027e+11
-1.51655e+11
-1.52283e+11
-1.52912e+11
-1.53542e+11
-1.54173e+11
-1.54805e+11
-1.55437e+11
-1.56071e+11
-1.56705e+11
-1.5734e+11
-1.57977e+11
-1.58614e+11
-1.59252e+11
-1.59891e+11
-1.6053e+11
-1.61171e+11
-1.61813e+11
-1.62455e+11
-1.63099e+11
-1.63743e+11
-1.64389e+11
-1.65035e+11
-1.65682e+11
-1.6633e+11
-1.66979e+11
-1.67629e+11
-1.68281e+11
-1.68933e+11
-1.69585e+11
-1.70239e+11
-1.70894e+11
-1.7155e+11
-1.72207e+11
-1.72865e+11
-1.73524e+11
-1.74184e+11
-1.74844e+11
-1.75506e+11
-1.76169e+11
-1.76833e+11
-1.77498e+11
-1.78164e+11
-1.7883e+11
-1.79498e+11
-1.80167e+11
-1.80837e+11
-1.81508e+11
-1.8218e+11
-1.82853e+11
-1.83527e+11
-1.84202e+11
-1.84879e+11
-1.85556e+11
-1.86234e+11
-1.86914e+11
-1.87594e+11
-1.88276e+11
-1.88958e+11
-1.89642e+11
-1.90327e+11
-1.91012e+11
-1.91699e+11
-1.92387e+11
-1.93077e+11
-1.93767e+11
-1.94458e+11
-1.9515e+11
-1.95844e+11
-1.96539e+11
-1.97235e+11
-1.97931e+11
-1.98629e+11
-1.99329e+11
-2.00029e+11
-2.0073e+11
-2.01433e+11
-2.02137e+11
-2.02842e+11
-2.03548e+11
-2.04255e+11
-2.04963e+11
-2.05673e+11
-2.06384e+11
-2.07096e+11
-2.07809e+11
-2.08523e+11
-2.09239e+11
-2.09955e+11
-2.10673e+11
-2.11392e+11
-2.12113e+11
-2.12834e+11
-2.13557e+11
-2.14281e+11
-2.15006e+11
-2.15732e+11
-2.1646e+11
-2.17189e+11
-2.17919e+11
-2.1865e+11
-2.19383e+11
-2.20117e+11
-2.20852e+11
-2.21588e+11
-2.22326e+11
-2.23064e+11
-2.23805e+11
-2.24546e+11
-2.25289e+11
-2.26033e+11
-2.26778e+11
-2.27525e+11
-2.28273e+11
-2.29022e+11
-2.29772e+11
-2.30524e+11
-2.31277e+11
-2.32032e+11
-2.32788e+11
-2.33545e+11
-2.34303e+11
-2.35063e+11
-2.35824e+11
-2.36586e+11
-2.3735e+11
-2.38115e+11
-2.38882e+11
-2.3965e+11
-2.40419e+11
-2.4119e+11
-2.41962e+11
-2.42735e+11
-2.4351e+11
-2.44286e+11
-2.45064e+11
-2.45843e+11
-2.46623e+11
-2.47405e+11
-2.48188e+11
-2.48973e+11
-2.49759e+11
-2.50546e+11
-2.51335e+11
-2.52125e+11
-2.52917e+11
-2.5371e+11
-2.54505e+11
-2.55301e+11
-2.56099e+11
-2.56898e+11
-2.57698e+11
-2.585e+11
-2.59304e+11
-2.60109e+11
-2.60915e+11
-2.61723e+11
-2.62532e+11
-2.63343e+11
-2.64156e+11
-2.64969e+11
-2.65785e+11
-2.66602e+11
-2.6742e+11
-2.6824e+11
-2.69062e+11
-2.69885e+11
-2.70709e+11
-2.71536e+11
-2.72363e+11
-2.73192e+11
-2.74023e+11
-2.74856e+11
-2.7569e+11
-2.76525e+11
-2.77362e+11
-2.78201e+11
-2.79041e+11
-2.79883e+11
-2.80726e+11
-2.81571e+11
-2.82418e+11
-2.83266e+11
-2.84116e+11
-2.84968e+11
-2.85821e+11
-2.86676e+11
-2.87532e+11
-2.8839e+11
-2.8925e+11
-2.90111e+11
-2.90974e+11
-2.91839e+11
-2.92705e+11
-2.93573e+11
-2.94443e+11
-2.95314e+11
-2.96187e+11
-2.97062e+11
-2.97939e+11
-2.98817e+11
-2.99697e+11
-3.00578e+11
-3.01461e+11
-3.02346e+11
-3.03233e+11
-3.04122e+11
-3.05012e+11
-3.05904e+11
-3.06797e+11
-3.07693e+11
-3.0859e+11
-3.09489e+11
-3.1039e+11
-3.11292e+11
-3.12196e+11
-3.13102e+11
-3.1401e+11
-3.1492e+11
-3.15831e+11
-3.16745e+11
-3.1766e+11
-3.18577e+11
-3.19495e+11
-3.20416e+11
-3.21338e+11
-3.22262e+11
-3.23188e+11
-3.24116e+11
-3.25046e+11
-3.25977e+11
-3.26911e+11
-3.27846e+11
-3.28783e+11
-3.29722e+11
-3.30663e+11
-3.31606e+11
-3.32551e+11
-3.33497e+11
-3.34446e+11
-3.35396e+11
-3.36348e+11
-3.37303e+11
-3.38259e+11
-3.39217e+11
-3.40177e+11
-3.41139e+11
-3.42103e+11
-3.43069e+11
-3.44037e+11
-3.45006e+11
-3.45978e+11
-3.46952e+11
-3.47928e+11
-3.48905e+11
-3.49885e+11
-3.50867e+11
-3.5185e+11
-3.52836e+11
-3.53824e+11
-3.54814e+11
-3.55805e+11
-3.56799e+11
-3.57795e+11
-3.58793e+11
-3.59793e+11
-3.60795e+11
-3.61799e+11
-3.62805e+11
-3.63813e+11
-3.64824e+11
-3.65836e+11
-3.6685e+11
-3.67867e+11
-3.68886e+11
-3.69906e+11
-3.70929e+11
-3.71954e+11
-3.72981e+11
-3.7401e+11
-3.75042e+11
-3.76075e+11
-3.77111e+11
-3.78149e+11
-3.79189e+11
-3.80231e+11
-3.81275e+11
-3.82322e+11
-3.8337e+11
-3.84421e+11
-3.85474e+11
-3.86529e+11
-3.87587e+11
-3.88646e+11
-3.89708e+11
-3.90772e+11
-3.91839e+11
-3.92907e+11
-3.93978e+11
-3.95051e+11
-3.96127e+11
-3.97204e+11
-3.98284e+11
-3.99366e+11
-4.00451e+11
-4.01537e+11
-4.02626e+11
-4.03718e+11
-4.04811e+11
-4.05907e+11
-4.07005e+11
-4.08106e+11
-4.09209e+11
-4.10314e+11
-4.11421e+11
-4.12531e+11
-4.13644e+11
-4.14758e+11
-4.15875e+11
-4.16995e+11
-4.18116e+11
-4.1924e+11
-4.20367e+11
-4.21496e+11
-4.22627e+11
-4.23761e+11
-4.24897e+11
-4.26036e+11
-4.27177e+11
-4.2832e+11
-4.29466e+11
-4.30614e+11
-4.31765e+11
-4.32918e+11
-4.34074e+11
-4.35232e+11
-4.36393e+11
-4.37556e+11
-4.38722e+11
-4.3989e+11
-4.41061e+11
-4.42234e+11
-4.4341e+11
-4.44588e+11
-4.45769e+11
-4.46952e+11
-4.48138e+11
-4.49327e+11
-4.50518e+11
-4.51711e+11
-4.52908e+11
-4.54106e+11
-4.55308e+11
-4.56512e+11
-4.57718e+11
-4.58927e+11
-4.60139e+11
-4.61354e+11
-4.62571e+11
-4.6379e+11
-4.65013e+11
-4.66238e+11
-4.67465e+11
-4.68696e+11
-4.69929e+11
-4.71164e+11
-4.72403e+11
-4.73644e+11
-4.74887e+11
-4.76134e+11
-4.77383e+11
-4.78635e+11
-4.79889e+11
-4.81147e+11
-4.82407e+11
-4.8367e+11
-4.84935e+11
-4.86203e+11
-4.87474e+11
-4.88748e+11
-4.90025e+11
-4.91304e+11
-4.92587e+11
-4.93872e+11
-4.95159e+11
-4.9645e+11
-4.97744e+11
-4.9904e+11
-5.00339e+11
-5.01641e+11
-5.02946e+11
-5.04253e+11
-5.05564e+11
-5.06877e+11
-5.08193e+11
-5.09512e+11
-5.10834e+11
-5.12159e+11
-5.13487e+11
-5.14818e+11
-5.16151e+11
-5.17488e+11
-5.18827e+11
-5.2017e+11
-5.21515e+11
-5.22863e+11
-5.24214e+11
-5.25568e+11
-5.26925e+11
-5.28285e+11
-5.29648e+11
-5.31014e+11
-5.32383e+11
-5.33755e+11
-5.35129e+11
-5.36507e+11
-5.37888e+11
-5.39272e+11
-5.40658e+11
-5.42048e+11
-5.43441e+11
-5.44836e+11
-5.46235e+11
-5.47637e+11
-5.49042e+11
-5.50449e+11
-5.5186e+11
-5.53274e+11
-5.54691e+11
-5.5611e+11
-5.57533e+11
-5.58959e+11
-5.60388e+11
-5.6182e+11
-5.63255e+11
-5.64693e+11
-5.66133e+11
-5.67577e+11
-5.69024e+11
-5.70474e+11
-5.71927e+11
-5.73383e+11
-5.74842e+11
-5.76304e+11
-5.77768e+11
-5.79236e+11
-5.80707e+11
-5.82181e+11
-5.83657e+11
-5.85137e+11
-5.8662e+11
-5.88105e+11
-5.89593e+11
-5.91085e+11
-5.92579e+11
-5.94076e+11
-5.95576e+11
-5.97079e+11
-5.98584e+11
-6.00092e+11
-6.01604e+11
-6.03117e+11
-6.04634e+11
-6.06153e+11
-6.07675e+11
-6.092e+11
-6.10728e+11
-6.12258e+11
-6.1379e+11
-6.15325e+11
-6.16863e+11
-6.18403e+11
-6.19946e+11
-6.21491e+11
-6.23039e+11
-6.24588e+11
-6.26141e+11
-6.27695e+11
-6.29252e+11
-6.3081e+11
-6.32371e+11
-6.33934e+11
-6.35499e+11
-6.37067e+11
-6.38635e+11
-6.40206e+11
-6.41779e+11
-6.43353e+11
-6.44929e+11
-6.46507e+11
-6.48086e+11
-6.49666e+11
-6.51248e+11
-6.52831e+11
-6.54415e+11
-6.56001e+11
-6.57587e+11
-6.59174e+11
-6.60763e+11
-6.62351e+11
-6.63941e+11
-6.65531e+11
-6.67121e+11
-6.68712e+11
-6.70303e+11
-6.71894e+11
-6.73485e+11
-6.75075e+11
-6.76665e+11
-6.78255e+11
-6.79844e+11
-6.81433e+11
-6.8302e+11
-6.84606e+11
-6.86191e+11
-6.87775e+11
-6.89357e+11
-6.90937e+11
-6.92515e+11
-6.94091e+11
-6.95664e+11
-6.97235e+11
-6.98804e+11
-7.00369e+11
-7.01931e+11
-7.0349e+11
-7.05045e+11
-7.06596e+11
-7.08143e+11
-7.09685e+11
-7.11223e+11
-7.12756e+11
-7.14284e+11
-7.15806e+11
-7.17323e+11
-7.18833e+11
-7.20338e+11
-7.21835e+11
-7.23326e+11
-7.24809e+11
-7.26285e+11
-7.27752e+11
-7.29212e+11
-7.30662e+11
-7.32104e+11
-7.33536e+11
-7.34959e+11
-7.36371e+11
-7.37773e+11
-7.39163e+11
-7.40543e+11
-7.4191e+11
-7.43266e+11
-7.44608e+11
-7.45938e+11
-7.47254e+11
-7.48556e+11
-7.49843e+11
-7.51115e+11
-7.52372e+11
-7.53613e+11
-7.54837e+11
-7.56044e+11
-7.57233e+11
-7.58405e+11
-7.59558e+11
-7.60691e+11
-7.61805e+11
-7.62898e+11
-7.6397e+11
-7.65021e+11
-7.66049e+11
-7.67054e+11
-7.68037e+11
-7.68995e+11
-7.69928e+11
-7.70836e+11
-7.71717e+11
-7.72572e+11
-7.734e+11
-7.74199e+11
-7.7497e+11
-7.75711e+11
-7.76422e+11
-7.77102e+11
-7.7775e+11
-7.78366e+11
-7.78948e+11
-7.79496e+11
-7.8001e+11
-7.80488e+11
-7.8093e+11
-7.81335e+11
-7.81702e+11
-7.8203e+11
-7.82318e+11
-7.82566e+11
-7.82773e+11
-7.82938e+11
-7.8306e+11
-7.83139e+11
-7.83173e+11
-7.83161e+11
-7.83103e+11
-7.82999e+11
-7.82846e+11
-7.82644e+11
-7.82392e+11
-7.8209e+11
-7.81737e+11
-7.81331e+11
-7.80872e+11
-7.80358e+11
-7.7979e+11
-7.79166e+11
-7.78485e+11
-7.77746e+11
-7.76949e+11
-7.76092e+11
-7.75175e+11
-7.74197e+11
-7.73156e+11
-7.72053e+11
-7.70886e+11
-7.69654e+11
-7.68356e+11
-7.66992e+11
-7.65561e+11
-7.64061e+11
-7.62493e+11
-7.60855e+11
-7.59146e+11
-7.57366e+11
-7.55513e+11
-7.53588e+11
-7.51588e+11
-7.49514e+11
-7.47365e+11
-7.45139e+11
-7.42836e+11
-7.40456e+11
-7.37998e+11
-7.3546e+11
-7.32843e+11
-7.30145e+11
-7.27366e+11
-7.24506e+11
-7.21563e+11
-7.18537e+11
-7.15427e+11
-7.12234e+11
-7.08956e+11
-7.05592e+11
-7.02143e+11
-6.98608e+11
-6.94986e+11
-6.91277e+11
-6.8748e+11
-6.83595e+11
-6.79622e+11
-6.75561e+11
-6.7141e+11
-6.6717e+11
-6.62841e+11
-6.58421e+11
-6.53912e+11
-6.49312e+11
-6.44622e+11
-6.39841e+11
-6.3497e+11
-6.30007e+11
-6.24954e+11
-6.19811e+11
-6.14576e+11
-6.0925e+11
-6.03834e+11
-5.98327e+11
-5.9273e+11
-5.87042e+11
-5.81264e+11
-5.75396e+11
-5.69439e+11
-5.63392e+11
-5.57256e+11
-5.51031e+11
-5.44718e+11
-5.38317e+11
-5.31829e+11
-5.25254e+11
-5.18593e+11
-5.11845e+11
-5.05013e+11
-4.98096e+11
-4.91095e+11
-4.8401e+11
-4.76844e+11
-4.69595e+11
-4.62266e+11
-4.54856e+11
-4.47368e+11
-4.398e+11
-4.32156e+11
-4.24435e+11
-4.16639e+11
-4.08769e+11
-4.00825e+11
-3.92809e+11
-3.84722e+11
-3.76565e+11
-3.68339e+11
-3.60046e+11
-3.51686e+11
-3.43262e+11
-3.34774e+11
-3.26224e+11
-3.17613e+11
-3.08943e+11
-3.00214e+11
-2.91429e+11
-2.82589e+11
-2.73695e+11
-2.64749e+11
-2.55752e+11
-2.46707e+11
-2.37614e+11
-2.28476e+11
-2.19293e+11
-2.10068e+11
-2.00803e+11
-1.91498e+11
-1.82157e+11
-1.7278e+11
-1.63369e+11
-1.53926e+11
-1.44453e+11
-1.34951e+11
-1.25424e+11
-1.15871e+11
-1.06296e+11
-9.66996e+10
-8.70842e+10
-7.74516e+10
-6.78038e+10
-5.81425e+10
-4.84697e+10
-3.87873e+10
-2.90972e+10
-1.94013e+10
-9.70163e+09
0.000987225
