2048 1 1
3.26636e-10 2.30966e-10 3.26636e-10
21.7957
21.8076
21.8159
21.8205
21.8214
21.8187
21.8123
21.8022
21.7886
21.7713
21.7505
21.7261
21.6982
21.6668
21.632
21.5938
21.5522
21.5073
21.4592
21.4078
21.3532
21.2955
21.2348
21.1711
21.1044
21.0348
20.9624
20.8873
20.8094
20.729
20.6459
20.5604
20.4725
20.3822
20.2896
20.1948
20.0979
19.999
19.898
19.7952
19.6905
19.584
19.4759
19.3661
19.2548
19.1421
19.0279
18.9125
18.7958
18.6779
18.5589
18.4388
18.3179
18.196
18.0733
17.9498
17.8256
17.7008
17.5755
17.4496
17.3233
17.1966
17.0695
16.9422
16.8147
16.687
16.5593
16.4314
16.3036
16.1757
16.048
15.9204
15.793
15.6658
15.5389
15.4122
15.2859
15.16
15.0345
14.9094
14.7848
14.6607
14.5371
14.4141
14.2917
14.1699
14.0488
13.9283
13.8084
13.6893
13.5709
13.4533
13.3364
13.2203
13.105
12.9905
12.8768
12.7639
12.6519
12.5408
12.4305
12.321
12.2125
12.1048
11.9981
11.8922
11.7872
11.6832
11.58
11.4778
11.3765
11.2761
11.1767
11.0781
10.9805
10.8839
10.7881
10.6933
10.5994
10.5064
10.4144
10.3232
10.233
10.1438
10.0554
9.96793
9.88138
9.79575
9.71102
9.62719
9.54426
9.46222
9.38107
9.30081
9.22143
9.14293
9.06531
8.98855
8.91266
8.83763
8.76346
8.69014
8.61766
8.54603
8.47524
8.40527
8.33614
8.26783
8.20034
8.13367
8.0678
8.00274
7.93848
7.87501
7.81233
7.75044
7.68933
7.62899
7.56943
7.51063
7.45259
7.39532
7.33879
7.28301
7.22798
7.17368
7.12012
7.06729
7.01519
6.96381
6.91314
6.86319
6.81394
6.7654
6.71756
6.67041
6.62396
6.5782
6.53311
6.48871
6.44499
6.40193
6.35955
6.31782
6.27676
6.23636
6.19661
6.15751
6.11905
6.08124
6.04406
6.00752
5.97162
5.93634
5.90169
5.86766
5.83425
5.80145
5.76927
5.7377
5.70674
5.67637
5.64661
5.61745
5.58889
5.56091
5.53353
5.50673
5.48052
5.45489
5.42984
5.40537
5.38147
5.35814
5.33539
5.3132
5.29158
5.27052
5.25002
5.23008
5.2107
5.19188
5.1736
5.15588
5.13871
5.12209
5.10602
5.09049
5.0755
5.06106
5.04715
5.03379
5.02096
5.00867
4.99691
4.98569
4.975
4.96484
4.95521
4.94611
4.93754
4.9295
4.92198
4.91499
4.90853
4.90259
4.89718
4.89228
4.88792
4.88407
4.88075
4.87795
4.87567
4.87391
4.87267
4.87195
4.87176
4.87208
4.87293
4.8743
4.87619
4.8786
4.88153
4.88498
4.88896
4.89346
4.89848
4.90403
4.9101
4.91669
4.92381
4.93146
4.93963
4.94834
4.95757
4.96733
4.97762
4.98844
4.9998
5.01169
5.02411
5.03708
5.05058
5.06462
5.0792
5.09432
5.10998
5.1262
5.14296
5.16026
5.17812
5.19653
5.21549
5.23501
5.25509
5.27573
5.29693
5.31869
5.34102
5.36392
5.38739
5.41143
5.43605
5.46124
5.48702
5.51338
5.54032
5.56785
5.59597
5.62469
5.654
5.68391
5.71442
5.74554
5.77726
5.80959
5.84254
5.87611
5.91029
5.9451
5.98054
6.0166
6.0533
6.09063
6.1286
6.16722
6.20648
6.2464
6.28697
6.32819
6.37008
6.41263
6.45585
6.49975
6.54432
6.58957
6.63551
6.68214
6.72945
6.77747
6.82619
6.87561
6.92574
6.97658
7.02815
7.08043
7.13345
7.18719
7.24167
7.29689
7.35285
7.40957
7.46703
7.52526
7.58425
7.644
7.70453
7.76584
7.82793
7.8908
7.95447
8.01893
8.08419
8.15026
8.21714
8.28483
8.35335
8.42269
8.49286
8.56386
8.6357
8.70839
8.78192
8.85631
8.93155
9.00766
9.08463
9.16248
9.2412
9.32079
9.40128
9.48265
9.56491
9.64806
9.73212
9.81707
9.90294
9.98971
10.0774
10.166
10.2555
10.3459
10.4373
10.5296
10.6228
10.7169
10.812
10.9079
11.0048
11.1027
11.2014
11.3011
11.4017
11.5033
11.6057
11.7091
11.8134
11.9186
12.0247
12.1317
12.2395
12.3483
12.458
12.5685
12.6798
12.7921
12.9051
13.019
13.1338
13.2493
13.3656
13.4826
13.6005
13.719
13.8383
13.9583
14.079
14.2003
14.3223
14.4448
14.568
14.6917
14.8159
14.9406
15.0658
15.1915
15.3175
15.4439
15.5706
15.6976
15.8249
15.9523
16.0799
16.2077
16.3355
16.4634
16.5912
16.719
16.8466
16.9741
17.1013
17.2283
17.3549
17.4811
17.6068
17.7321
17.8567
17.9807
18.104
18.2265
18.3482
18.4689
18.5887
18.7074
18.825
18.9415
19.0566
19.1704
19.2828
19.3937
19.5031
19.6108
19.7168
19.8211
19.9234
20.0239
20.1224
20.2187
20.313
20.405
20.4947
20.582
20.6669
20.7493
20.8291
20.9063
20.9808
21.0525
21.1213
21.1873
21.2503
21.3102
21.3671
21.4209
21.4715
21.5188
21.5629
21.6037
21.641
21.675
21.7055
21.7325
21.756
21.776
21.7923
21.8051
21.8142
21.8197
21.8216
21.8197
21.8142
21.805
21.7921
21.7755
21.7552
21.7312
21.7035
21.6722
21.6372
21.5986
21.5563
21.5105
21.4611
21.4081
21.3517
21.2917
21.2284
21.1616
21.0915
21.0181
20.9414
20.8615
20.7784
20.6922
20.603
20.5107
20.4155
20.3175
20.2166
20.113
20.0067
19.8977
19.7862
19.6723
19.5559
19.4372
19.3162
19.193
19.0676
18.9403
18.8109
18.6796
18.5466
18.4117
18.2752
18.137
17.9973
17.8562
17.7136
17.5698
17.4247
17.2784
17.131
16.9826
16.8332
16.6829
16.5318
16.38
16.2274
16.0742
15.9204
15.7661
15.6113
15.4562
15.3007
15.1449
14.9889
14.8328
14.6765
14.5201
14.3638
14.2074
14.0511
13.895
13.739
13.5832
13.4276
13.2723
13.1174
12.9627
12.8085
12.6547
12.5013
12.3485
12.1961
12.0443
11.893
11.7423
11.5922
11.4428
11.294
11.1459
10.9985
10.8518
10.7058
10.5605
10.4161
10.2723
10.1294
9.98729
9.84596
9.70544
9.56575
9.4269
9.28888
9.15171
9.01539
8.87992
8.74532
8.61158
8.47872
8.34672
8.2156
8.08536
7.95599
7.8275
7.69988
7.57315
7.44729
7.32231
7.1982
7.07497
6.95261
6.83111
6.71049
6.59072
6.47182
6.35378
6.23659
6.12025
6.00475
5.8901
5.77629
5.66331
5.55116
5.43983
5.32933
5.21963
5.11075
5.00268
4.8954
4.78892
4.68323
4.57832
4.47419
4.37083
4.26824
4.16642
4.06535
3.96503
3.86546
3.76662
3.66852
3.57116
3.47451
3.37858
3.28337
3.18886
3.09505
3.00194
2.90951
2.81777
2.72671
2.63633
2.54661
2.45755
2.36915
2.2814
2.1943
2.10783
2.02201
1.93681
1.85223
1.76828
1.68494
1.60221
1.52008
1.43855
1.35761
1.27726
1.19749
1.11831
1.03969
0.961643
0.884157
0.80723
0.730856
0.65503
0.579748
0.505004
0.430794
0.357112
0.283956
0.211319
0.139197
0.067585
-0.00352061
-0.0741249
-0.144232
-0.213847
-0.282974
-0.351618
-0.419782
-0.487471
-0.55469
-0.621443
-0.687733
-0.753566
-0.818945
-0.883874
-0.948358
-1.0124
-1.07601
-1.13918
-1.20192
-1.26424
-1.32613
-1.38761
-1.44867
-1.50933
-1.56957
-1.62942
-1.68887
-1.74792
-1.80658
-1.86485
-1.92273
-1.98024
-2.03737
-2.09413
-2.15051
-2.20653
-2.26218
-2.31748
-2.37242
-2.427
-2.48124
-2.53512
-2.58867
-2.64187
-2.69473
-2.74726
-2.79946
-2.85133
-2.90288
-2.9541
-3.00501
-3.0556
-3.10587
-3.15583
-3.20549
-3.25484
-3.30389
-3.35264
-3.40109
-3.44925
-3.49712
-3.5447
-3.59199
-3.639
-3.68573
-3.73218
-3.77836
-3.82426
-3.86989
-3.91525
-3.96035
-4.00518
-4.04976
-4.09407
-4.13813
-4.18193
-4.22548
-4.26878
-4.31183
-4.35464
-4.3972
-4.43952
-4.48161
-4.52345
-4.56506
-4.60644
-4.64759
-4.68851
-4.7292
-4.76967
-4.80991
-4.84993
-4.88974
-4.92932
-4.96869
-5.00785
-5.04679
-5.08553
-5.12406
-5.16238
-5.20049
-5.2384
-5.27611
-5.31362
-5.35093
-5.38805
-5.42497
-5.46169
-5.49823
-5.53457
-5.57073
-5.6067
-5.64248
-5.67808
-5.71349
-5.74873
-5.78378
-5.81865
-5.85335
-5.88787
-5.92222
-5.95639
-5.9904
-6.02423
-6.05789
-6.09138
-6.12471
-6.15787
-6.19087
-6.22371
-6.25638
-6.28889
-6.32124
-6.35344
-6.38548
-6.41736
-6.44908
-6.48065
-6.51207
-6.54334
-6.57446
-6.60543
-6.63625
-6.66692
-6.69744
-6.72782
-6.75806
-6.78815
-6.8181
-6.84791
-6.87758
-6.9071
-6.93649
-6.96574
-6.99486
-7.02384
-7.05268
-7.08139
-7.10996
-7.13841
-7.16672
-7.1949
-7.22295
-7.25087
-7.27866
-7.30632
-7.33386
-7.36127
-7.38856
-7.41572
-7.44276
-7.46967
-7.49646
-7.52313
-7.54968
-7.57611
-7.60242
-7.62861
-7.65468
-7.68064
-7.70648
-7.7322
-7.7578
-7.7833
-7.80867
-7.83394
-7.85909
-7.88412
-7.90905
-7.93387
-7.95857
-7.98316
-8.00765
-8.03202
-8.05629
-8.08045
-8.1045
-8.12845
-8.15229
-8.17603
-8.19965
-8.22318
-8.2466
-8.26992
-8.29313
-8.31624
-8.33925
-8.36216
-8.38497
-8.40768
-8.43029
-8.45279
-8.4752
-8.49751
-8.51972
-8.54184
-8.56385
-8.58577
-8.6076
-8.62933
-8.65096
-8.6725
-8.69394
-8.71529
-8.73654
-8.7577
-8.77877
-8.79975
-8.82063
-8.84142
-8.86212
-8.88273
-8.90325
-8.92368
-8.94401
-8.96426
-8.98442
-9.00449
-9.02447
-9.04437
-9.06417
-9.08389
-9.10353
-9.12307
-9.14253
-9.1619
-9.18119
-9.20039
-9.21951
-9.23854
-9.25749
-9.27635
-9.29513
-9.31383
-9.33244
-9.35097
-9.36942
-9.38779
-9.40607
-9.42427
-9.44239
-9.46043
-9.47839
-9.49627
-9.51407
-9.53179
-9.54943
-9.56698
-9.58447
-9.60187
-9.61919
-9.63644
-9.6536
-9.67069
-9.6877
-9.70464
-9.7215
-9.73828
-9.75498
-9.77161
-9.78816
-9.80464
-9.82104
-9.83737
-9.85362
-9.86979
-9.88589
-9.90192
-9.91787
-9.93375
-9.94956
-9.96529
-9.98095
-9.99654
-10.0121
-10.0275
-10.0429
-10.0582
-10.0734
-10.0885
-10.1036
-10.1186
-10.1336
-10.1484
-10.1632
-10.178
-10.1926
-10.2072
-10.2217
-10.2362
-10.2506
-10.2649
-10.2791
-10.2933
-10.3074
-10.3214
-10.3354
-10.3493
-10.3631
-10.3769
-10.3906
-10.4042
-10.4178
-10.4313
-10.4447
-10.4581
-10.4714
-10.4846
-10.4978
-10.5109
-10.5239
-10.5369
-10.5498
-10.5626
-10.5754
-10.5881
-10.6007
-10.6133
-10.6258
-10.6382
-10.6506
-10.6629
-10.6752
-10.6874
-10.6995
-10.7116
-10.7236
-10.7355
-10.7474
-10.7592
-10.771
-10.7827
-10.7943
-10.8059
-10.8174
-10.8288
-10.8402
-10.8515
-10.8627
-10.8739
-10.8851
-10.8961
-10.9072
-10.9181
-10.929
-10.9398
-10.9506
-10.9613
-10.972
-10.9825
-10.9931
-11.0035
-11.014
-11.0243
-11.0346
-11.0448
-11.055
-11.0651
-11.0752
-11.0852
-11.0951
-11.105
-11.1148
-11.1246
-11.1343
-11.1439
-11.1535
-11.163
-11.1725
-11.1819
-11.1913
-11.2006
-11.2098
-11.219
-11.2282
-11.2372
-11.2462
-11.2552
-11.2641
-11.273
-11.2817
-11.2905
-11.2992
-11.3078
-11.3163
-11.3249
-11.3333
-11.3417
-11.3501
-11.3583
-11.3666
-11.3747
-11.3829
-11.3909
-11.3989
-11.4069
-11.4148
-11.4227
-11.4305
-11.4382
-11.4459
-11.4535
-11.4611
-11.4686
-11.4761
-11.4835
-11.4908
-11.4981
-11.5054
-11.5126
-11.5197
-11.5268
-11.5339
-11.5409
-11.5478
-11.5547
-11.5615
-11.5683
-11.575
-11.5817
-11.5883
-11.5948
-11.6013
-11.6078
-11.6142
-11.6205
-11.6268
-11.6331
-11.6393
-11.6454
-11.6515
-11.6576
-11.6635
-11.6695
-11.6754
-11.6812
-11.687
-11.6927
-11.6984
-11.704
-11.7096
-11.7151
-11.7206
-11.726
-11.7314
-11.7367
-11.7419
-11.7472
-11.7523
-11.7574
-11.7625
-11.7675
-11.7725
-11.7774
-11.7823
-11.7871
-11.7918
-11.7965
-11.8012
-11.8058
-11.8104
-11.8149
-11.8193
-11.8237
-11.8281
-11.8324
-11.8367
-11.8409
-11.845
-11.8491
-11.8532
-11.8572
-11.8612
-11.8651
-11.869
-11.8728
-11.8765
-11.8802
-11.8839
-11.8875
-11.8911
-11.8946
-11.8981
-11.9015
-11.9049
-11.9082
-11.9114
-11.9147
-11.9178
-11.921
-11.924
-11.9271
-11.93
-11.933
-11.9359
-11.9387
-11.9415
-11.9442
-11.9469
-11.9495
-11.9521
-11.9546
-11.9571
-11.9596
-11.962
-11.9643
-11.9666
-11.9689
-11.9711
-11.9732
-11.9753
-11.9774
-11.9794
-11.9813
-11.9833
-11.9851
-11.9869
-11.9887
-11.9904
-11.9921
-11.9937
-11.9953
-11.9968
-11.9983
-11.9997
-12.0011
-12.0024
-12.0037
-12.0049
-12.0061
-12.0073
-12.0084
-12.0094
-12.0104
-12.0114
-12.0123
-12.0131
-12.0139
-12.0147
-12.0154
-12.0161
-12.0167
-12.0172
-12.0178
-12.0182
-12.0187
-12.019
-12.0194
-12.0196
-12.0199
-12.0201
-12.0202
-12.0203
-12.0203
-12.0203
-12.0203
-12.0202
-12.02
-12.0198
-12.0196
-12.0193
-12.019
-12.0186
-12.0181
-12.0176
-12.0171
-12.0165
-12.0159
-12.0152
-12.0145
-12.0137
-12.0129
-12.0121
-12.0111
-12.0102
-12.0092
-12.0081
-12.007
-12.0058
-12.0046
-12.0034
-12.0021
-12.0008
-11.9994
-11.9979
-11.9964
-11.9949
-11.9933
-11.9917
-11.99
-11.9883
-11.9865
-11.9847
-11.9828
-11.9809
-11.9789
-11.9769
-11.9748
-11.9727
-11.9705
-11.9683
-11.966
-11.9637
-11.9614
-11.959
-11.9565
-11.954
-11.9515
-11.9489
-11.9462
-11.9435
-11.9408
-11.938
-11.9351
-11.9322
-11.9293
-11.9263
-11.9233
-11.9202
-11.9171
-11.9139
-11.9106
-11.9073
-11.904
-11.9006
-11.8972
-11.8937
-11.8902
-11.8866
-11.883
-11.8793
-11.8756
-11.8718
-11.868
-11.8641
-11.8602
-11.8562
-11.8522
-11.8481
-11.844
-11.8398
-11.8356
-11.8313
-11.827
-11.8226
-11.8182
-11.8138
-11.8092
-11.8047
-11.8
-11.7954
-11.7906
-11.7859
-11.781
-11.7762
-11.7712
-11.7663
-11.7612
-11.7562
-11.751
-11.7459
-11.7406
-11.7354
-11.73
-11.7246
-11.7192
-11.7137
-11.7082
-11.7026
-11.697
-11.6913
-11.6855
-11.6797
-11.6739
-11.668
-11.6621
-11.6561
-11.65
-11.6439
-11.6377
-11.6315
-11.6253
-11.619
-11.6126
-11.6062
-11.5997
-11.5932
-11.5866
-11.58
-11.5733
-11.5666
-11.5598
-11.553
-11.5461
-11.5391
-11.5321
-11.5251
-11.518
-11.5108
-11.5036
-11.4963
-11.489
-11.4816
-11.4742
-11.4667
-11.4592
-11.4516
-11.444
-11.4363
-11.4285
-11.4207
-11.4128
-11.4049
-11.397
-11.3889
-11.3808
-11.3727
-11.3645
-11.3563
-11.348
-11.3396
-11.3312
-11.3227
-11.3142
-11.3056
-11.297
-11.2883
-11.2796
-11.2707
-11.2619
-11.253
-11.244
-11.235
-11.2259
-11.2167
-11.2075
-11.1983
-11.189
-11.1796
-11.1702
-11.1607
-11.1511
-11.1415
-11.1319
-11.1221
-11.1124
-11.1025
-11.0926
-11.0827
-11.0727
-11.0626
-11.0525
-11.0423
-11.032
-11.0217
-11.0114
-11.0009
-10.9904
-10.9799
-10.9693
-10.9586
-10.9479
-10.9371
-10.9263
-10.9154
-10.9044
-10.8934
-10.8823
-10.8711
-10.8599
-10.8487
-10.8373
-10.8259
-10.8145
-10.803
-10.7914
-10.7797
-10.768
-10.7563
-10.7444
-10.7326
-10.7206
-10.7086
-10.6965
-10.6844
-10.6721
-10.6599
-10.6475
-10.6351
-10.6227
-10.6101
-10.5976
-10.5849
-10.5722
-10.5594
-10.5465
-10.5336
-10.5206
-10.5076
-10.4945
-10.4813
-10.468
-10.4547
-10.4414
-10.4279
-10.4144
-10.4008
-10.3872
-10.3735
-10.3597
-10.3458
-10.3319
-10.3179
-10.3039
-10.2898
-10.2756
-10.2613
-10.247
-10.2326
-10.2181
-10.2036
-10.189
-10.1743
-10.1595
-10.1447
-10.1298
-10.1149
-10.0999
-10.0848
-10.0696
-10.0543
-10.039
-10.0236
-10.0082
-9.99265
-9.97704
-9.96137
-9.94562
-9.92979
-9.91389
-9.89792
-9.88188
-9.86576
-9.84956
-9.83329
-9.81695
-9.80053
-9.78403
-9.76746
-9.75081
-9.73409
-9.71729
-9.70041
-9.68346
-9.66643
-9.64932
-9.63213
-9.61487
-9.59752
-9.5801
-9.5626
-9.54502
-9.52736
-9.50963
-9.49181
-9.47391
-9.45593
-9.43787
-9.41973
-9.40151
-9.3832
-9.36482
-9.34635
-9.3278
-9.30916
-9.29044
-9.27164
-9.25276
-9.23379
-9.21474
-9.1956
-9.17638
-9.15707
-9.13767
-9.11819
-9.09863
-9.07897
-9.05923
-9.0394
-9.01949
-8.99948
-8.97939
-8.95921
-8.93894
-8.91858
-8.89813
-8.87759
-8.85695
-8.83623
-8.81542
-8.79451
-8.77351
-8.75242
-8.73124
-8.70996
-8.68859
-8.66712
-8.64556
-8.6239
-8.60215
-8.5803
-8.55836
-8.53632
-8.51418
-8.49194
-8.46961
-8.44718
-8.42464
-8.40201
-8.37928
-8.35645
-8.33351
-8.31048
-8.28734
-8.2641
-8.24076
-8.21731
-8.19376
-8.1701
-8.14634
-8.12247
-8.0985
-8.07442
-8.05024
-8.02594
-8.00154
-7.97703
-7.9524
-7.92767
-7.90283
-7.87788
-7.85281
-7.82763
-7.80234
-7.77693
-7.75141
-7.72578
-7.70003
-7.67416
-7.64818
-7.62207
-7.59585
-7.56952
-7.54306
-7.51648
-7.48978
-7.46295
-7.43601
-7.40894
-7.38175
-7.35443
-7.32699
-7.29942
-7.27172
-7.2439
-7.21595
-7.18786
-7.15965
-7.13131
-7.10283
-7.07422
-7.04548
-7.0166
-6.98759
-6.95844
-6.92916
-6.89973
-6.87017
-6.84047
-6.81063
-6.78064
-6.75051
-6.72024
-6.68983
-6.65926
-6.62856
-6.5977
-6.56669
-6.53554
-6.50423
-6.47278
-6.44117
-6.4094
-6.37748
-6.3454
-6.31317
-6.28078
-6.24823
-6.21551
-6.18264
-6.1496
-6.1164
-6.08303
-6.04949
-6.01579
-5.98191
-5.94787
-5.91365
-5.87926
-5.84469
-5.80995
-5.77503
-5.73993
-5.70466
-5.6692
-5.63355
-5.59772
-5.56171
-5.52551
-5.48911
-5.45253
-5.41576
-5.37879
-5.34162
-5.30426
-5.2667
-5.22894
-5.19098
-5.15281
-5.11444
-5.07586
-5.03708
-4.99808
-4.95887
-4.91945
-4.87981
-4.83995
-4.79987
-4.75957
-4.71905
-4.6783
-4.63732
-4.59612
-4.55468
-4.51301
-4.47111
-4.42896
-4.38658
-4.34396
-4.30109
-4.25798
-4.21461
-4.171
-4.12714
-4.08301
-4.03864
-3.994
-3.9491
-3.90394
-3.85851
-3.81281
-3.76684
-3.7206
-3.67408
-3.62728
-3.5802
-3.53283
-3.48518
-3.43724
-3.38901
-3.34048
-3.29166
-3.24253
-3.19311
-3.14337
-3.09333
-3.04298
-2.99231
-2.94133
-2.89002
-2.8384
-2.78644
-2.73416
-2.68155
-2.6286
-2.57531
-2.52168
-2.46771
-2.41339
-2.35872
-2.30369
-2.2483
-2.19256
-2.13645
-2.07997
-2.02312
-1.9659
-1.9083
-1.85032
-1.79195
-1.73319
-1.67404
-1.6145
-1.55455
-1.4942
-1.43345
-1.37228
-1.3107
-1.2487
-1.18627
-1.12342
-1.06014
-0.996431
-0.932278
-0.867684
-0.802642
-0.73715
-0.671204
-0.604798
-0.537929
-0.470593
-0.402786
-0.334502
-0.265738
-0.196489
-0.126752
-0.0565206
0.0142086
0.0854403
0.157179
0.229429
0.302196
0.375483
0.449296
0.52364
0.598518
0.673936
0.749898
0.82641
0.903476
0.981102
1.05929
1.13805
1.21738
1.29729
1.37779
1.45887
1.54055
1.62283
1.70572
1.78921
1.87332
1.95805
2.0434
2.12939
2.21601
2.30328
2.39119
2.47975
2.56897
2.65886
2.74942
2.84064
2.93255
3.02515
3.11844
3.21242
3.3071
3.4025
3.4986
3.59543
3.69298
3.79126
3.89028
3.99004
4.09054
4.1918
4.29382
4.3966
4.50015
4.60447
4.70957
4.81546
4.92214
5.02962
5.1379
5.24698
5.35688
5.46759
5.57912
5.69148
5.80466
5.91869
6.03355
6.14925
6.26581
6.38321
6.50147
6.62058
6.74056
6.86141
6.98312
7.1057
7.22915
7.35347
7.47867
7.60475
7.73171
7.85954
7.98825
8.11784
8.2483
8.37964
8.51185
8.64494
8.77889
8.91371
9.04939
9.18592
9.3233
9.46153
9.6006
9.7405
9.88121
10.0227
10.1651
10.3082
10.4521
10.5968
10.7422
10.8884
11.0353
11.1829
11.3311
11.4801
11.6297
11.7799
11.9307
12.0822
12.2341
12.3866
12.5396
12.6931
12.847
13.0014
13.1561
13.3111
13.4665
13.6221
13.778
13.934
14.0902
14.2465
14.4029
14.5592
14.7156
14.8718
15.028
15.1839
15.3396
15.495
15.6501
15.8047
15.9589
16.1125
16.2656
16.418
16.5697
16.7206
16.8707
17.0198
17.168
17.3151
17.4611
17.6059
17.7494
17.8916
18.0324
18.1717
18.3094
18.4456
18.58
18.7126
18.8434
18.9723
19.0992
19.224
19.3466
19.4671
19.5852
19.701
19.8144
19.9252
20.0335
20.1391
20.2421
20.3423
20.4396
20.5341
20.6256
20.714
20.7994
20.8817
20.9608
21.0367
21.1093
21.1786
21.2445
21.3071
21.3661
21.4217
21.4738
21.5223
21.5672
21.6086
21.6463
21.6804
21.7108
21.7375
21.7606
21.78
21.7957
