2048 1 1
3.26636e-10 2.30966e-10 3.26636e-10
-8.6683e+10
-6.3524e+10
-4.03853e+10
-1.7286e+10
5.75485e+09
2.87183e+10
5.15855e+10
7.43379e+10
9.69571e+10
1.19425e+11
1.41723e+11
1.63835e+11
1.85742e+11
2.07429e+11
2.28878e+11
2.50073e+11
2.70999e+11
2.91641e+11
3.11984e+11
3.32014e+11
3.51717e+11
3.7108e+11
3.90091e+11
4.08739e+11
4.27011e+11
4.44898e+11
4.62389e+11
4.79474e+11
4.96147e+11
5.12397e+11
5.28218e+11
5.43604e+11
5.58548e+11
5.73045e+11
5.8709e+11
6.00679e+11
6.13809e+11
6.26477e+11
6.38682e+11
6.50421e+11
6.61694e+11
6.725e+11
6.82841e+11
6.92716e+11
7.02128e+11
7.11079e+11
7.19572e+11
7.27608e+11
7.35193e+11
7.4233e+11
7.49024e+11
7.5528e+11
7.61103e+11
7.665e+11
7.71476e+11
7.76038e+11
7.80192e+11
7.83947e+11
7.8731e+11
7.90287e+11
7.92888e+11
7.95121e+11
7.96994e+11
7.98515e+11
7.99693e+11
8.00537e+11
8.01057e+11
8.0126e+11
8.01157e+11
8.00757e+11
8.00068e+11
7.991e+11
7.97862e+11
7.96364e+11
7.94614e+11
7.92622e+11
7.90397e+11
7.87948e+11
7.85284e+11
7.82413e+11
7.79344e+11
7.76087e+11
7.72648e+11
7.69038e+11
7.65263e+11
7.61332e+11
7.57252e+11
7.53032e+11
7.48679e+11
7.44199e+11
7.39601e+11
7.34892e+11
7.30077e+11
7.25163e+11
7.20158e+11
7.15067e+11
7.09895e+11
7.04649e+11
6.99335e+11
6.93957e+11
6.88521e+11
6.83032e+11
6.77495e+11
6.71914e+11
6.66294e+11
6.60638e+11
6.54952e+11
6.49239e+11
6.43502e+11
6.37745e+11
6.31971e+11
6.26184e+11
6.20387e+11
6.14583e+11
6.08774e+11
6.02962e+11
5.97152e+11
5.91343e+11
5.8554e+11
5.79744e+11
5.73957e+11
5.6818e+11
5.62416e+11
5.56666e+11
5.50931e+11
5.45213e+11
5.39513e+11
5.33833e+11
5.28174e+11
5.22536e+11
5.1692e+11
5.11328e+11
5.0576e+11
5.00217e+11
4.947e+11
4.89209e+11
4.83745e+11
4.78308e+11
4.72898e+11
4.67517e+11
4.62165e+11
4.56841e+11
4.51546e+11
4.46281e+11
4.41045e+11
4.35839e+11
4.30662e+11
4.25516e+11
4.20399e+11
4.15312e+11
4.10256e+11
4.05229e+11
4.00232e+11
3.95265e+11
3.90328e+11
3.85421e+11
3.80543e+11
3.75695e+11
3.70876e+11
3.66087e+11
3.61327e+11
3.56595e+11
3.51893e+11
3.47219e+11
3.42573e+11
3.37955e+11
3.33366e+11
3.28804e+11
3.2427e+11
3.19763e+11
3.15283e+11
3.1083e+11
3.06404e+11
3.02004e+11
2.9763e+11
2.93281e+11
2.88959e+11
2.84661e+11
2.80389e+11
2.76141e+11
2.71918e+11
2.67719e+11
2.63545e+11
2.59393e+11
2.55265e+11
2.5116e+11
2.47078e+11
2.43019e+11
2.38981e+11
2.34966e+11
2.30972e+11
2.27e+11
2.23049e+11
2.19118e+11
2.15208e+11
2.11318e+11
2.07447e+11
2.03597e+11
1.99765e+11
1.95953e+11
1.92159e+11
1.88384e+11
1.84626e+11
1.80886e+11
1.77164e+11
1.73459e+11
1.6977e+11
1.66098e+11
1.62442e+11
1.58802e+11
1.55177e+11
1.51568e+11
1.47973e+11
1.44393e+11
1.40828e+11
1.37276e+11
1.33738e+11
1.30213e+11
1.26701e+11
1.23201e+11
1.19714e+11
1.16239e+11
1.12776e+11
1.09324e+11
1.05883e+11
1.02452e+11
9.90321e+10
9.56221e+10
9.22217e+10
8.88307e+10
8.54488e+10
8.20755e+10
7.87106e+10
7.53537e+10
7.20045e+10
6.86627e+10
6.53279e+10
6.19998e+10
5.86781e+10
5.53624e+10
5.20524e+10
4.87478e+10
4.54481e+10
4.21532e+10
3.88626e+10
3.5576e+10
3.22931e+10
2.90136e+10
2.5737e+10
2.24631e+10
1.91915e+10
1.59219e+10
1.2654e+10
9.38733e+09
6.12167e+09
2.85664e+09
-4.08087e+08
-3.67286e+09
-6.93801e+09
-1.02039e+10
-1.34708e+10
-1.67391e+10
-2.00092e+10
-2.32813e+10
-2.65559e+10
-2.98332e+10
-3.31135e+10
-3.63973e+10
-3.96849e+10
-4.29765e+10
-4.62726e+10
-4.95734e+10
-5.28794e+10
-5.61908e+10
-5.9508e+10
-6.28312e+10
-6.6161e+10
-6.94975e+10
-7.28411e+10
-7.61922e+10
-7.9551e+10
-8.2918e+10
-8.62934e+10
-8.96776e+10
-9.30709e+10
-9.64737e+10
-9.98862e+10
-1.03309e+11
-1.06742e+11
-1.10186e+11
-1.13641e+11
-1.17107e+11
-1.20585e+11
-1.24075e+11
-1.27577e+11
-1.31093e+11
-1.34621e+11
-1.38162e+11
-1.41718e+11
-1.45287e+11
-1.48871e+11
-1.52469e+11
-1.56082e+11
-1.5971e+11
-1.63354e+11
-1.67014e+11
-1.70691e+11
-1.74383e+11
-1.78093e+11
-1.8182e+11
-1.85564e+11
-1.89326e+11
-1.93106e+11
-1.96904e+11
-2.00721e+11
-2.04558e+11
-2.08413e+11
-2.12288e+11
-2.16183e+11
-2.20099e+11
-2.24034e+11
-2.27991e+11
-2.31969e+11
-2.35968e+11
-2.39989e+11
-2.44032e+11
-2.48097e+11
-2.52184e+11
-2.56295e+11
-2.60429e+11
-2.64586e+11
-2.68767e+11
-2.72972e+11
-2.77201e+11
-2.81455e+11
-2.85733e+11
-2.90037e+11
-2.94366e+11
-2.98721e+11
-3.03101e+11
-3.07508e+11
-3.11941e+11
-3.16401e+11
-3.20887e+11
-3.25401e+11
-3.29942e+11
-3.34511e+11
-3.39107e+11
-3.43732e+11
-3.48384e+11
-3.53066e+11
-3.57775e+11
-3.62514e+11
-3.67282e+11
-3.72078e+11
-3.76904e+11
-3.8176e+11
-3.86645e+11
-3.9156e+11
-3.96504e+11
-4.01479e+11
-4.06483e+11
-4.11517e+11
-4.16581e+11
-4.21675e+11
-4.268e+11
-4.31954e+11
-4.37138e+11
-4.42351e+11
-4.47595e+11
-4.52867e+11
-4.58169e+11
-4.635e+11
-4.6886e+11
-4.74248e+11
-4.79664e+11
-4.85108e+11
-4.90579e+11
-4.96077e+11
-5.01601e+11
-5.0715e+11
-5.12724e+11
-5.18322e+11
-5.23943e+11
-5.29587e+11
-5.35251e+11
-5.40937e+11
-5.46641e+11
-5.52363e+11
-5.58102e+11
-5.63856e+11
-5.69623e+11
-5.75403e+11
-5.81192e+11
-5.86991e+11
-5.92795e+11
-5.98604e+11
-6.04415e+11
-6.10226e+11
-6.16034e+11
-6.21837e+11
-6.27632e+11
-6.33416e+11
-6.39186e+11
-6.44938e+11
-6.50669e+11
-6.56376e+11
-6.62055e+11
-6.67702e+11
-6.73313e+11
-6.78884e+11
-6.84409e+11
-6.89886e+11
-6.95307e+11
-7.0067e+11
-7.05967e+11
-7.11195e+11
-7.16347e+11
-7.21418e+11
-7.26401e+11
-7.3129e+11
-7.36079e+11
-7.40762e+11
-7.45331e+11
-7.49779e+11
-7.541e+11
-7.58285e+11
-7.62328e+11
-7.66221e+11
-7.69956e+11
-7.73524e+11
-7.76918e+11
-7.80129e+11
-7.83149e+11
-7.8597e+11
-7.88581e+11
-7.90975e+11
-7.93143e+11
-7.95075e+11
-7.96763e+11
-7.98197e+11
-7.99368e+11
-8.00267e+11
-8.00884e+11
-8.01211e+11
-8.01239e+11
-8.00957e+11
-8.00357e+11
-7.9943e+11
-7.98167e+11
-7.96559e+11
-7.94597e+11
-7.92273e+11
-7.89579e+11
-7.86505e+11
-7.83046e+11
-7.79192e+11
-7.74936e+11
-7.70271e+11
-7.6519e+11
-7.59688e+11
-7.53757e+11
-7.47392e+11
-7.40588e+11
-7.33339e+11
-7.25642e+11
-7.17491e+11
-7.08885e+11
-6.99819e+11
-6.90291e+11
-6.80299e+11
-6.69842e+11
-6.58919e+11
-6.4753e+11
-6.35674e+11
-6.23354e+11
-6.1057e+11
-5.97324e+11
-5.83621e+11
-5.69463e+11
-5.54854e+11
-5.39799e+11
-5.24304e+11
-5.08374e+11
-4.92018e+11
-4.75241e+11
-4.58054e+11
-4.40463e+11
-4.22479e+11
-4.04112e+11
-3.85372e+11
-3.66272e+11
-3.46822e+11
-3.27036e+11
-3.06927e+11
-2.86508e+11
-2.65794e+11
-2.44799e+11
-2.23539e+11
-2.02029e+11
-1.80286e+11
-1.58325e+11
-1.36166e+11
-1.13823e+11
-9.13158e+10
-6.86616e+10
-4.58787e+10
-2.29857e+10
-1.16022e+06
2.30561e+10
4.6167e+10
6.93126e+10
9.24737e+10
1.15631e+11
1.38766e+11
1.61859e+11
1.8489e+11
2.07842e+11
2.30696e+11
2.53432e+11
2.76033e+11
2.9848e+11
3.20756e+11
3.42843e+11
3.64724e+11
3.86382e+11
4.07801e+11
4.28964e+11
4.49857e+11
4.70464e+11
4.90771e+11
5.10764e+11
5.30429e+11
5.49753e+11
5.68725e+11
5.87333e+11
6.05565e+11
6.2341e+11
6.40861e+11
6.57906e+11
6.74538e+11
6.90748e+11
7.06531e+11
7.21878e+11
7.36784e+11
7.51245e+11
7.65255e+11
7.78811e+11
7.91909e+11
8.04548e+11
8.16724e+11
8.28438e+11
8.39687e+11
8.50473e+11
8.60795e+11
8.70655e+11
8.80055e+11
8.88996e+11
8.97482e+11
9.05516e+11
9.13102e+11
9.20243e+11
9.26945e+11
9.33213e+11
9.39052e+11
9.44468e+11
9.49468e+11
9.54058e+11
9.58245e+11
9.62037e+11
9.6544e+11
9.68464e+11
9.71116e+11
9.73404e+11
9.75336e+11
9.76922e+11
9.7817e+11
9.7909e+11
9.79689e+11
9.79977e+11
9.79963e+11
9.79657e+11
9.79068e+11
9.78205e+11
9.77077e+11
9.75694e+11
9.74064e+11
9.72197e+11
9.70102e+11
9.67788e+11
9.65263e+11
9.62538e+11
9.59619e+11
9.56517e+11
9.53239e+11
9.49794e+11
9.46189e+11
9.42433e+11
9.38534e+11
9.34499e+11
9.30335e+11
9.26051e+11
9.21652e+11
9.17147e+11
9.12541e+11
9.07841e+11
9.03054e+11
8.98186e+11
8.93242e+11
8.88229e+11
8.83152e+11
8.78016e+11
8.72826e+11
8.67588e+11
8.62305e+11
8.56984e+11
8.51628e+11
8.46241e+11
8.40827e+11
8.35391e+11
8.29936e+11
8.24465e+11
8.18982e+11
8.1349e+11
8.07992e+11
8.0249e+11
7.96989e+11
7.9149e+11
7.85995e+11
7.80507e+11
7.75029e+11
7.69562e+11
7.64108e+11
7.58669e+11
7.53247e+11
7.47843e+11
7.42459e+11
7.37096e+11
7.31756e+11
7.26439e+11
7.21147e+11
7.15882e+11
7.10643e+11
7.05432e+11
7.0025e+11
6.95097e+11
6.89975e+11
6.84883e+11
6.79822e+11
6.74794e+11
6.69797e+11
6.64834e+11
6.59904e+11
6.55007e+11
6.50144e+11
6.45315e+11
6.4052e+11
6.3576e+11
6.31035e+11
6.26344e+11
6.21688e+11
6.17067e+11
6.12482e+11
6.07931e+11
6.03415e+11
5.98935e+11
5.9449e+11
5.90079e+11
5.85704e+11
5.81364e+11
5.77058e+11
5.72788e+11
5.68552e+11
5.6435e+11
5.60183e+11
5.56051e+11
5.51952e+11
5.47888e+11
5.43857e+11
5.3986e+11
5.35897e+11
5.31967e+11
5.28071e+11
5.24207e+11
5.20377e+11
5.16579e+11
5.12814e+11
5.09081e+11
5.0538e+11
5.01711e+11
4.98074e+11
4.94468e+11
4.90894e+11
4.87351e+11
4.83839e+11
4.80358e+11
4.76907e+11
4.73487e+11
4.70097e+11
4.66737e+11
4.63406e+11
4.60106e+11
4.56834e+11
4.53592e+11
4.50378e+11
4.47194e+11
4.44037e+11
4.40909e+11
4.3781e+11
4.34738e+11
4.31694e+11
4.28677e+11
4.25687e+11
4.22725e+11
4.19789e+11
4.1688e+11
4.13998e+11
4.11141e+11
4.08311e+11
4.05506e+11
4.02728e+11
3.99974e+11
3.97246e+11
3.94542e+11
3.91864e+11
3.8921e+11
3.8658e+11
3.83974e+11
3.81393e+11
3.78835e+11
3.76301e+11
3.7379e+11
3.71302e+11
3.68837e+11
3.66395e+11
3.63975e+11
3.61578e+11
3.59203e+11
3.5685e+11
3.54518e+11
3.52208e+11
3.4992e+11
3.47652e+11
3.45405e+11
3.4318e+11
3.40974e+11
3.3879e+11
3.36625e+11
3.3448e+11
3.32355e+11
3.3025e+11
3.28164e+11
3.26097e+11
3.24049e+11
3.22021e+11
3.2001e+11
3.18019e+11
3.16045e+11
3.1409e+11
3.12153e+11
3.10233e+11
3.08331e+11
3.06446e+11
3.04579e+11
3.02728e+11
3.00895e+11
2.99078e+11
2.97277e+11
2.95493e+11
2.93725e+11
2.91973e+11
2.90237e+11
2.88517e+11
2.86812e+11
2.85122e+11
2.83448e+11
2.81788e+11
2.80144e+11
2.78514e+11
2.76898e+11
2.75297e+11
2.73711e+11
2.72138e+11
2.70579e+11
2.69034e+11
2.67502e+11
2.65984e+11
2.64479e+11
2.62987e+11
2.61509e+11
2.60043e+11
2.5859e+11
2.57149e+11
2.55721e+11
2.54305e+11
2.52902e+11
2.5151e+11
2.5013e+11
2.48762e+11
2.47405e+11
2.4606e+11
2.44726e+11
2.43404e+11
2.42092e+11
2.40792e+11
2.39502e+11
2.38223e+11
2.36955e+11
2.35697e+11
2.34449e+11
2.33212e+11
2.31984e+11
2.30767e+11
2.29559e+11
2.28362e+11
2.27173e+11
2.25995e+11
2.24825e+11
2.23665e+11
2.22514e+11
2.21373e+11
2.2024e+11
2.19116e+11
2.18001e+11
2.16894e+11
2.15796e+11
2.14706e+11
2.13625e+11
2.12552e+11
2.11487e+11
2.1043e+11
2.09381e+11
2.0834e+11
2.07307e+11
2.06282e+11
2.05264e+11
2.04253e+11
2.0325e+11
2.02254e+11
2.01265e+11
2.00284e+11
1.99309e+11
1.98342e+11
1.97381e+11
1.96428e+11
1.95481e+11
1.9454e+11
1.93606e+11
1.92679e+11
1.91758e+11
1.90843e+11
1.89935e+11
1.89033e+11
1.88137e+11
1.87246e+11
1.86362e+11
1.85484e+11
1.84612e+11
1.83745e+11
1.82884e+11
1.82029e+11
1.81179e+11
1.80335e+11
1.79496e+11
1.78662e+11
1.77834e+11
1.77011e+11
1.76193e+11
1.7538e+11
1.74572e+11
1.7377e+11
1.72972e+11
1.72179e+11
1.71391e+11
1.70608e+11
1.69829e+11
1.69055e+11
1.68286e+11
1.67521e+11
1.6676e+11
1.66005e+11
1.65253e+11
1.64506e+11
1.63763e+11
1.63024e+11
1.6229e+11
1.6156e+11
1.60833e+11
1.60111e+11
1.59393e+11
1.58679e+11
1.57969e+11
1.57262e+11
1.5656e+11
1.55861e+11
1.55166e+11
1.54474e+11
1.53787e+11
1.53103e+11
1.52422e+11
1.51745e+11
1.51072e+11
1.50402e+11
1.49735e+11
1.49072e+11
1.48412e+11
1.47755e+11
1.47102e+11
1.46452e+11
1.45805e+11
1.45162e+11
1.44521e+11
1.43884e+11
1.4325e+11
1.42618e+11
1.4199e+11
1.41365e+11
1.40743e+11
1.40123e+11
1.39507e+11
1.38893e+11
1.38282e+11
1.37674e+11
1.37069e+11
1.36466e+11
1.35866e+11
1.35269e+11
1.34675e+11
1.34083e+11
1.33494e+11
1.32907e+11
1.32323e+11
1.31741e+11
1.31162e+11
1.30586e+11
1.30011e+11
1.2944e+11
1.2887e+11
1.28303e+11
1.27739e+11
1.27176e+11
1.26616e+11
1.26059e+11
1.25503e+11
1.2495e+11
1.24399e+11
1.2385e+11
1.23304e+11
1.22759e+11
1.22217e+11
1.21677e+11
1.21139e+11
1.20603e+11
1.20069e+11
1.19537e+11
1.19007e+11
1.1848e+11
1.17954e+11
1.1743e+11
1.16908e+11
1.16388e+11
1.1587e+11
1.15354e+11
1.14839e+11
1.14327e+11
1.13816e+11
1.13308e+11
1.12801e+11
1.12296e+11
1.11792e+11
1.11291e+11
1.10791e+11
1.10293e+11
1.09796e+11
1.09302e+11
1.08809e+11
1.08318e+11
1.07828e+11
1.0734e+11
1.06854e+11
1.06369e+11
1.05886e+11
1.05405e+11
1.04925e+11
1.04446e+11
1.0397e+11
1.03494e+11
1.03021e+11
1.02549e+11
1.02078e+11
1.01609e+11
1.01141e+11
1.00675e+11
1.0021e+11
9.97471e+10
9.92852e+10
9.88248e+10
9.83659e+10
9.79083e+10
9.74521e+10
9.69973e+10
9.65439e+10
9.60918e+10
9.56411e+10
9.51917e+10
9.47437e+10
9.42969e+10
9.38515e+10
9.34074e+10
9.29646e+10
9.25231e+10
9.20828e+10
9.16438e+10
9.1206e+10
9.07695e+10
9.03343e+10
8.99002e+10
8.94674e+10
8.90357e+10
8.86053e+10
8.81761e+10
8.7748e+10
8.73211e+10
8.68954e+10
8.64708e+10
8.60474e+10
8.56251e+10
8.5204e+10
8.47839e+10
8.4365e+10
8.39472e+10
8.35305e+10
8.31149e+10
8.27003e+10
8.22869e+10
8.18745e+10
8.14631e+10
8.10529e+10
8.06436e+10
8.02354e+10
7.98282e+10
7.94221e+10
7.9017e+10
7.86128e+10
7.82097e+10
7.78076e+10
7.74064e+10
7.70063e+10
7.66071e+10
7.62089e+10
7.58116e+10
7.54153e+10
7.502e+10
7.46256e+10
7.42321e+10
7.38395e+10
7.34479e+10
7.30572e+10
7.26674e+10
7.22785e+10
7.18905e+10
7.15034e+10
7.11171e+10
7.07318e+10
7.03473e+10
6.99637e+10
6.95809e+10
6.9199e+10
6.8818e+10
6.84378e+10
6.80584e+10
6.76799e+10
6.73022e+10
6.69253e+10
6.65492e+10
6.61739e+10
6.57994e+10
6.54258e+10
6.50529e+10
6.46808e+10
6.43095e+10
6.3939e+10
6.35692e+10
6.32002e+10
6.2832e+10
6.24645e+10
6.20978e+10
6.17318e+10
6.13665e+10
6.1002e+10
6.06382e+10
6.02752e+10
5.99128e+10
5.95512e+10
5.91903e+10
5.883e+10
5.84705e+10
5.81117e+10
5.77536e+10
5.73961e+10
5.70394e+10
5.66833e+10
5.63278e+10
5.59731e+10
5.5619e+10
5.52655e+10
5.49127e+10
5.45606e+10
5.42091e+10
5.38582e+10
5.3508e+10
5.31584e+10
5.28094e+10
5.2461e+10
5.21133e+10
5.17661e+10
5.14196e+10
5.10737e+10
5.07283e+10
5.03836e+10
5.00394e+10
4.96958e+10
4.93529e+10
4.90104e+10
4.86686e+10
4.83273e+10
4.79866e+10
4.76464e+10
4.73068e+10
4.69677e+10
4.66292e+10
4.62912e+10
4.59538e+10
4.56168e+10
4.52805e+10
4.49446e+10
4.46093e+10
4.42744e+10
4.39401e+10
4.36063e+10
4.3273e+10
4.29402e+10
4.26079e+10
4.2276e+10
4.19447e+10
4.16138e+10
4.12835e+10
4.09536e+10
4.06241e+10
4.02952e+10
3.99667e+10
3.96386e+10
3.9311e+10
3.89839e+10
3.86572e+10
3.83309e+10
3.80051e+10
3.76798e+10
3.73548e+10
3.70303e+10
3.67062e+10
3.63825e+10
3.60593e+10
3.57364e+10
3.5414e+10
3.50919e+10
3.47703e+10
3.44491e+10
3.41282e+10
3.38078e+10
3.34877e+10
3.3168e+10
3.28487e+10
3.25298e+10
3.22112e+10
3.1893e+10
3.15752e+10
3.12577e+10
3.09406e+10
3.06238e+10
3.03074e+10
2.99913e+10
2.96755e+10
2.93601e+10
2.90451e+10
2.87303e+10
2.84159e+10
2.81018e+10
2.77881e+10
2.74746e+10
2.71615e+10
2.68486e+10
2.65361e+10
2.62239e+10
2.59119e+10
2.56003e+10
2.52889e+10
2.49779e+10
2.46671e+10
2.43566e+10
2.40464e+10
2.37364e+10
2.34267e+10
2.31173e+10
2.28081e+10
2.24992e+10
2.21906e+10
2.18822e+10
2.1574e+10
2.12661e+10
2.09585e+10
2.0651e+10
2.03438e+10
2.00369e+10
1.97301e+10
1.94236e+10
1.91173e+10
1.88112e+10
1.85054e+10
1.81997e+10
1.78942e+10
1.7589e+10
1.72839e+10
1.69791e+10
1.66744e+10
1.63699e+10
1.60656e+10
1.57615e+10
1.54576e+10
1.51538e+10
1.48502e+10
1.45468e+10
1.42435e+10
1.39404e+10
1.36375e+10
1.33347e+10
1.3032e+10
1.27295e+10
1.24272e+10
1.2125e+10
1.18229e+10
1.1521e+10
1.12191e+10
1.09175e+10
1.06159e+10
1.03144e+10
1.00131e+10
9.71191e+09
9.4108e+09
9.1098e+09
8.8089e+09
8.50811e+09
8.2074e+09
7.90679e+09
7.60627e+09
7.30584e+09
7.00548e+09
6.70521e+09
6.40501e+09
6.10488e+09
5.80482e+09
5.50483e+09
5.2049e+09
4.90503e+09
4.60521e+09
4.30544e+09
4.00573e+09
3.70605e+09
3.40642e+09
3.10683e+09
2.80727e+09
2.50775e+09
2.20825e+09
1.90878e+09
1.60933e+09
1.30989e+09
1.01047e+09
7.11066e+08
4.11667e+08
1.12272e+08
-1.87121e+08
-4.86516e+08
-7.85917e+08
-1.08533e+09
-1.38475e+09
-1.68419e+09
-1.98364e+09
-2.28312e+09
-2.58263e+09
-2.88216e+09
-3.18173e+09
-3.48133e+09
-3.78097e+09
-4.08065e+09
-4.38038e+09
-4.68016e+09
-4.97999e+09
-5.27988e+09
-5.57982e+09
-5.87983e+09
-6.17991e+09
-6.48005e+09
-6.78027e+09
-7.08056e+09
-7.38094e+09
-7.68139e+09
-7.98194e+09
-8.28257e+09
-8.5833e+09
-8.88412e+09
-9.18504e+09
-9.48607e+09
-9.7872e+09
-1.00884e+10
-1.03898e+10
-1.06913e+10
-1.09929e+10
-1.12946e+10
-1.15964e+10
-1.18984e+10
-1.22005e+10
-1.25028e+10
-1.28051e+10
-1.31077e+10
-1.34104e+10
-1.37132e+10
-1.40162e+10
-1.43193e+10
-1.46226e+10
-1.49261e+10
-1.52297e+10
-1.55335e+10
-1.58375e+10
-1.61417e+10
-1.6446e+10
-1.67505e+10
-1.70553e+10
-1.73602e+10
-1.76653e+10
-1.79706e+10
-1.82761e+10
-1.85818e+10
-1.88877e+10
-1.91939e+10
-1.95002e+10
-1.98068e+10
-2.01136e+10
-2.04206e+10
-2.07279e+10
-2.10354e+10
-2.13431e+10
-2.1651e+10
-2.19593e+10
-2.22677e+10
-2.25764e+10
-2.28854e+10
-2.31946e+10
-2.35041e+10
-2.38139e+10
-2.41239e+10
-2.44342e+10
-2.47448e+10
-2.50556e+10
-2.53667e+10
-2.56782e+10
-2.59899e+10
-2.63019e+10
-2.66142e+10
-2.69268e+10
-2.72397e+10
-2.75529e+10
-2.78665e+10
-2.81803e+10
-2.84945e+10
-2.8809e+10
-2.91238e+10
-2.9439e+10
-2.97544e+10
-3.00703e+10
-3.03864e+10
-3.07029e+10
-3.10198e+10
-3.1337e+10
-3.16546e+10
-3.19725e+10
-3.22908e+10
-3.26095e+10
-3.29285e+10
-3.32479e+10
-3.35677e+10
-3.38878e+10
-3.42084e+10
-3.45293e+10
-3.48507e+10
-3.51724e+10
-3.54946e+10
-3.58171e+10
-3.614e+10
-3.64634e+10
-3.67872e+10
-3.71114e+10
-3.7436e+10
-3.77611e+10
-3.80865e+10
-3.84125e+10
-3.87388e+10
-3.90656e+10
-3.93929e+10
-3.97206e+10
-4.00487e+10
-4.03774e+10
-4.07064e+10
-4.1036e+10
-4.1366e+10
-4.16965e+10
-4.20275e+10
-4.23589e+10
-4.26909e+10
-4.30233e+10
-4.33563e+10
-4.36897e+10
-4.40236e+10
-4.43581e+10
-4.4693e+10
-4.50285e+10
-4.53645e+10
-4.5701e+10
-4.60381e+10
-4.63757e+10
-4.67138e+10
-4.70524e+10
-4.73916e+10
-4.77314e+10
-4.80717e+10
-4.84126e+10
-4.8754e+10
-4.9096e+10
-4.94385e+10
-4.97817e+10
-5.01254e+10
-5.04697e+10
-5.08146e+10
-5.11601e+10
-5.15062e+10
-5.18529e+10
-5.22002e+10
-5.25481e+10
-5.28966e+10
-5.32457e+10
-5.35955e+10
-5.39459e+10
-5.42969e+10
-5.46486e+10
-5.50009e+10
-5.53538e+10
-5.57074e+10
-5.60617e+10
-5.64166e+10
-5.67722e+10
-5.71285e+10
-5.74854e+10
-5.7843e+10
-5.82013e+10
-5.85603e+10
-5.892e+10
-5.92804e+10
-5.96415e+10
-6.00033e+10
-6.03659e+10
-6.07291e+10
-6.10931e+10
-6.14578e+10
-6.18232e+10
-6.21894e+10
-6.25563e+10
-6.2924e+10
-6.32924e+10
-6.36616e+10
-6.40315e+10
-6.44023e+10
-6.47738e+10
-6.5146e+10
-6.55191e+10
-6.5893e+10
-6.62677e+10
-6.66431e+10
-6.70194e+10
-6.73965e+10
-6.77744e+10
-6.81532e+10
-6.85327e+10
-6.89132e+10
-6.92944e+10
-6.96765e+10
-7.00595e+10
-7.04433e+10
-7.0828e+10
-7.12136e+10
-7.16001e+10
-7.19874e+10
-7.23756e+10
-7.27647e+10
-7.31548e+10
-7.35457e+10
-7.39376e+10
-7.43304e+10
-7.47241e+10
-7.51187e+10
-7.55143e+10
-7.59109e+10
-7.63083e+10
-7.67068e+10
-7.71062e+10
-7.75066e+10
-7.7908e+10
-7.83104e+10
-7.87138e+10
-7.91181e+10
-7.95235e+10
-7.99299e+10
-8.03374e+10
-8.07458e+10
-8.11553e+10
-8.15659e+10
-8.19775e+10
-8.23901e+10
-8.28039e+10
-8.32187e+10
-8.36346e+10
-8.40516e+10
-8.44697e+10
-8.48888e+10
-8.53092e+10
-8.57306e+10
-8.61532e+10
-8.65769e+10
-8.70017e+10
-8.74277e+10
-8.78549e+10
-8.82833e+10
-8.87128e+10
-8.91435e+10
-8.95755e+10
-9.00086e+10
-9.0443e+10
-9.08785e+10
-9.13154e+10
-9.17534e+10
-9.21927e+10
-9.26333e+10
-9.30752e+10
-9.35183e+10
-9.39628e+10
-9.44085e+10
-9.48555e+10
-9.53039e+10
-9.57536e+10
-9.62047e+10
-9.66571e+10
-9.71109e+10
-9.7566e+10
-9.80225e+10
-9.84805e+10
-9.89398e+10
-9.94006e+10
-9.98627e+10
-1.00326e+11
-1.00791e+11
-1.01258e+11
-1.01726e+11
-1.02196e+11
-1.02667e+11
-1.03139e+11
-1.03613e+11
-1.04089e+11
-1.04566e+11
-1.05045e+11
-1.05525e+11
-1.06007e+11
-1.0649e+11
-1.06975e+11
-1.07462e+11
-1.0795e+11
-1.0844e+11
-1.08932e+11
-1.09425e+11
-1.0992e+11
-1.10417e+11
-1.10916e+11
-1.11416e+11
-1.11918e+11
-1.12422e+11
-1.12927e+11
-1.13435e+11
-1.13944e+11
-1.14455e+11
-1.14968e+11
-1.15483e+11
-1.15999e+11
-1.16518e+11
-1.17038e+11
-1.17561e+11
-1.18085e+11
-1.18611e+11
-1.1914e+11
-1.1967e+11
-1.20202e+11
-1.20737e+11
-1.21273e+11
-1.21812e+11
-1.22353e+11
-1.22895e+11
-1.2344e+11
-1.23987e+11
-1.24537e+11
-1.25088e+11
-1.25642e+11
-1.26198e+11
-1.26756e+11
-1.27317e+11
-1.2788e+11
-1.28445e+11
-1.29012e+11
-1.29582e+11
-1.30155e+11
-1.30729e+11
-1.31307e+11
-1.31886e+11
-1.32469e+11
-1.33053e+11
-1.33641e+11
-1.34231e+11
-1.34823e+11
-1.35418e+11
-1.36016e+11
-1.36617e+11
-1.3722e+11
-1.37826e+11
-1.38435e+11
-1.39046e+11
-1.39661e+11
-1.40278e+11
-1.40898e+11
-1.41521e+11
-1.42147e+11
-1.42776e+11
-1.43408e+11
-1.44043e+11
-1.44681e+11
-1.45322e+11
-1.45967e+11
-1.46614e+11
-1.47265e+11
-1.47919e+11
-1.48577e+11
-1.49237e+11
-1.49901e+11
-1.50569e+11
-1.5124e+11
-1.51914e+11
-1.52592e+11
-1.53273e+11
-1.53958e+11
-1.54647e+11
-1.55339e+11
-1.56035e+11
-1.56735e+11
-1.57438e+11
-1.58146e+11
-1.58857e+11
-1.59572e+11
-1.60291e+11
-1.61014e+11
-1.61742e+11
-1.62473e+11
-1.63209e+11
-1.63948e+11
-1.64692e+11
-1.6544e+11
-1.66193e+11
-1.6695e+11
-1.67712e+11
-1.68478e+11
-1.69248e+11
-1.70023e+11
-1.70803e+11
-1.71587e+11
-1.72377e+11
-1.73171e+11
-1.7397e+11
-1.74774e+11
-1.75583e+11
-1.76397e+11
-1.77216e+11
-1.7804e+11
-1.7887e+11
-1.79705e+11
-1.80545e+11
-1.81391e+11
-1.82242e+11
-1.83099e+11
-1.83961e+11
-1.84829e+11
-1.85703e+11
-1.86583e+11
-1.87468e+11
-1.8836e+11
-1.89258e+11
-1.90161e+11
-1.91071e+11
-1.91988e+11
-1.9291e+11
-1.93839e+11
-1.94775e+11
-1.95717e+11
-1.96665e+11
-1.97621e+11
-1.98583e+11
-1.99552e+11
-2.00529e+11
-2.01512e+11
-2.02502e+11
-2.035e+11
-2.04505e+11
-2.05517e+11
-2.06537e+11
-2.07565e+11
-2.086e+11
-2.09643e+11
-2.10694e+11
-2.11753e+11
-2.1282e+11
-2.13895e+11
-2.14978e+11
-2.1607e+11
-2.1717e+11
-2.18279e+11
-2.19396e+11
-2.20522e+11
-2.21657e+11
-2.22801e+11
-2.23954e+11
-2.25117e+11
-2.26288e+11
-2.2747e+11
-2.2866e+11
-2.2986e+11
-2.3107e+11
-2.3229e+11
-2.3352e+11
-2.3476e+11
-2.3601e+11
-2.37271e+11
-2.38542e+11
-2.39824e+11
-2.41116e+11
-2.42419e+11
-2.43734e+11
-2.45059e+11
-2.46395e+11
-2.47743e+11
-2.49103e+11
-2.50474e+11
-2.51857e+11
-2.53251e+11
-2.54658e+11
-2.56077e+11
-2.57508e+11
-2.58952e+11
-2.60408e+11
-2.61877e+11
-2.63359e+11
-2.64854e+11
-2.66362e+11
-2.67884e+11
-2.69419e+11
-2.70967e+11
-2.7253e+11
-2.74106e+11
-2.75696e+11
-2.77301e+11
-2.7892e+11
-2.80554e+11
-2.82202e+11
-2.83865e+11
-2.85543e+11
-2.87237e+11
-2.88945e+11
-2.9067e+11
-2.9241e+11
-2.94166e+11
-2.95938e+11
-2.97726e+11
-2.9953e+11
-3.01351e+11
-3.03189e+11
-3.05044e+11
-3.06916e+11
-3.08805e+11
-3.10711e+11
-3.12635e+11
-3.14577e+11
-3.16537e+11
-3.18515e+11
-3.20511e+11
-3.22526e+11
-3.2456e+11
-3.26612e+11
-3.28684e+11
-3.30774e+11
-3.32885e+11
-3.35014e+11
-3.37164e+11
-3.39334e+11
-3.41524e+11
-3.43734e+11
-3.45965e+11
-3.48217e+11
-3.5049e+11
-3.52784e+11
-3.55099e+11
-3.57436e+11
-3.59795e+11
-3.62175e+11
-3.64578e+11
-3.67003e+11
-3.69451e+11
-3.71922e+11
-3.74415e+11
-3.76932e+11
-3.79472e+11
-3.82036e+11
-3.84624e+11
-3.87235e+11
-3.89871e+11
-3.92531e+11
-3.95216e+11
-3.97925e+11
-4.0066e+11
-4.0342e+11
-4.06205e+11
-4.09016e+11
-4.11853e+11
-4.14716e+11
-4.17605e+11
-4.20521e+11
-4.23463e+11
-4.26432e+11
-4.29428e+11
-4.32452e+11
-4.35503e+11
-4.38582e+11
-4.41689e+11
-4.44824e+11
-4.47987e+11
-4.51179e+11
-4.544e+11
-4.57649e+11
-4.60928e+11
-4.64236e+11
-4.67574e+11
-4.70942e+11
-4.74339e+11
-4.77767e+11
-4.81225e+11
-4.84714e+11
-4.88234e+11
-4.91785e+11
-4.95367e+11
-4.9898e+11
-5.02625e+11
-5.06302e+11
-5.10011e+11
-5.13752e+11
-5.17525e+11
-5.21331e+11
-5.2517e+11
-5.29042e+11
-5.32947e+11
-5.36885e+11
-5.40856e+11
-5.44862e+11
-5.48901e+11
-5.52973e+11
-5.5708e+11
-5.61222e+11
-5.65397e+11
-5.69607e+11
-5.73852e+11
-5.78131e+11
-5.82446e+11
-5.86795e+11
-5.91179e+11
-5.95598e+11
-6.00052e+11
-6.04541e+11
-6.09065e+11
-6.13625e+11
-6.18219e+11
-6.22849e+11
-6.27513e+11
-6.32213e+11
-6.36947e+11
-6.41716e+11
-6.46519e+11
-6.51356e+11
-6.56228e+11
-6.61133e+11
-6.66072e+11
-6.71043e+11
-6.76048e+11
-6.81085e+11
-6.86153e+11
-6.91253e+11
-6.96383e+11
-7.01543e+11
-7.06732e+11
-7.1195e+11
-7.17196e+11
-7.22468e+11
-7.27766e+11
-7.33088e+11
-7.38434e+11
-7.43803e+11
-7.49192e+11
-7.546e+11
-7.60027e+11
-7.6547e+11
-7.70927e+11
-7.76398e+11
-7.81878e+11
-7.87368e+11
-7.92864e+11
-7.98364e+11
-8.03866e+11
-8.09366e+11
-8.14863e+11
-8.20353e+11
-8.25834e+11
-8.31301e+11
-8.36752e+11
-8.42183e+11
-8.4759e+11
-8.5297e+11
-8.58318e+11
-8.6363e+11
-8.68901e+11
-8.74128e+11
-8.79305e+11
-8.84427e+11
-8.89489e+11
-8.94485e+11
-8.9941e+11
-9.04259e+11
-9.09025e+11
-9.13701e+11
-9.18283e+11
-9.22762e+11
-9.27133e+11
-9.31388e+11
-9.3552e+11
-9.39522e+11
-9.43386e+11
-9.47105e+11
-9.5067e+11
-9.54075e+11
-9.57309e+11
-9.60367e+11
-9.63238e+11
-9.65914e+11
-9.68386e+11
-9.70646e+11
-9.72685e+11
-9.74494e+11
-9.76063e+11
-9.77383e+11
-9.78446e+11
-9.79242e+11
-9.79761e+11
-9.79995e+11
-9.79933e+11
-9.79568e+11
-9.7889e+11
-9.7789e+11
-9.76558e+11
-9.74886e+11
-9.72866e+11
-9.70487e+11
-9.67743e+11
-9.64625e+11
-9.61125e+11
-9.57235e+11
-9.52948e+11
-9.48256e+11
-9.43153e+11
-9.37632e+11
-9.31686e+11
-9.2531e+11
-9.18499e+11
-9.11247e+11
-9.0355e+11
-8.95403e+11
-8.86804e+11
-8.77748e+11
-8.68233e+11
-8.58258e+11
-8.4782e+11
-8.36918e+11
-8.25553e+11
-8.13724e+11
-8.01432e+11
-7.88678e+11
-7.75465e+11
-7.61795e+11
-7.47672e+11
-7.33099e+11
-7.18082e+11
-7.02626e+11
-6.86736e+11
-6.70419e+11
-6.53683e+11
-6.36536e+11
-6.18986e+11
-6.01042e+11
-5.82716e+11
-5.64016e+11
-5.44955e+11
-5.25544e+11
-5.05796e+11
-4.85723e+11
-4.6534e+11
-4.4466e+11
-4.23698e+11
-4.02469e+11
-3.80989e+11
-3.59274e+11
-3.3734e+11
-3.15204e+11
-2.92884e+11
-2.70397e+11
-2.4776e+11
-2.24993e+11
-2.02113e+11
-1.79139e+11
-1.5609e+11
-1.32985e+11
-1.09843e+11
-8.6683e+10
