2048 1 1
3.26636e-10 2.30966e-10 3.26636e-10
9.798
9.79518
9.78672
9.77264
9.75297
9.72773
9.69697
9.66075
9.61912
9.57215
9.51993
9.46255
9.4001
9.33268
9.26041
9.18342
9.10182
9.01576
8.92536
8.83079
8.73219
8.62972
8.52354
8.41383
8.30074
8.18446
8.06517
7.94304
7.81825
7.691
7.56146
7.42982
7.29627
7.161
7.02419
6.88603
6.7467
6.60638
6.46526
6.32351
6.18131
6.03883
5.89624
5.75369
5.61137
5.46941
5.32798
5.18721
5.04726
4.90826
4.77033
4.63362
4.49823
4.36428
4.23189
4.10114
3.97215
3.84501
3.71979
3.59657
3.47544
3.35645
3.23967
3.12515
3.01295
2.9031
2.79565
2.69062
2.58805
2.48796
2.39036
2.29527
2.20269
2.11263
2.02508
1.94005
1.85752
1.77747
1.69989
1.62477
1.55207
1.48177
1.41384
1.34824
1.28495
1.22393
1.16513
1.10852
1.05405
1.00169
0.951371
0.903064
0.856716
0.812279
0.769704
0.728941
0.689938
0.652647
0.617016
0.582995
0.550532
0.519578
0.490081
0.461994
0.435265
0.409846
0.38569
0.362749
0.340976
0.320325
0.300752
0.282212
0.264662
0.248061
0.232368
0.217542
0.203545
0.190338
0.177887
0.166154
0.155105
0.144708
0.13493
0.125741
0.117109
0.109008
0.101408
0.0942844
0.0876105
0.081362
0.0755158
0.0700492
0.064941
0.0601706
0.0557186
0.0515663
0.0476959
0.0440906
0.0407344
0.037612
0.034709
0.0320116
0.0295068
0.0271823
0.0250266
0.0230285
0.0211778
0.0194646
0.0178797
0.0164144
0.0150605
0.0138103
0.0126566
0.0115926
0.010612
0.00970867
0.00887715
0.00811218
0.00740886
0.00676262
0.0061692
0.00562461
0.00512514
0.00466734
0.00424798
0.00386408
0.00351285
0.0031917
0.00289825
0.00263026
0.00238568
0.00216259
0.00195924
0.00177399
0.00160532
0.00145186
0.00131231
0.0011855
0.00107032
0.000965773
0.000870939
0.000784964
0.000707069
0.000636537
0.000572711
0.000514989
0.000462817
0.000415692
0.00037315
0.000334769
0.000300162
0.000268979
0.000240896
0.000215621
0.000192886
0.00017245
0.00015409
0.000137605
0.000122813
0.000109549
9.76603e-05
8.70119e-05
7.748e-05
6.89525e-05
6.13282e-05
5.45156e-05
4.84319e-05
4.30023e-05
3.81595e-05
3.38425e-05
2.99967e-05
2.65725e-05
2.35257e-05
2.08163e-05
1.84083e-05
1.62695e-05
1.43709e-05
1.26866e-05
1.11933e-05
9.87003e-06
8.69823e-06
7.66115e-06
6.74386e-06
5.933e-06
5.21666e-06
4.58421e-06
4.02615e-06
3.53404e-06
3.10035e-06
2.71837e-06
2.38217e-06
2.08643e-06
1.82646e-06
1.59808e-06
1.3976e-06
1.22173e-06
1.06758e-06
9.32576e-07
8.14444e-07
7.11185e-07
6.2103e-07
5.42425e-07
4.74001e-07
4.14556e-07
3.6304e-07
3.18535e-07
2.80239e-07
2.47462e-07
2.19606e-07
1.96161e-07
1.76694e-07
1.60846e-07
1.48321e-07
1.38886e-07
1.32363e-07
1.28631e-07
1.27618e-07
1.29307e-07
1.33728e-07
1.40966e-07
1.51155e-07
1.64486e-07
1.81209e-07
2.01634e-07
2.26138e-07
2.55173e-07
2.89271e-07
3.29049e-07
3.75228e-07
4.28635e-07
4.90221e-07
5.61071e-07
6.42429e-07
7.35706e-07
8.42509e-07
9.64662e-07
1.10423e-06
1.26356e-06
1.44529e-06
1.65242e-06
1.88833e-06
2.15683e-06
2.46223e-06
2.80936e-06
3.20367e-06
3.65131e-06
4.15917e-06
4.735e-06
5.38749e-06
6.12641e-06
6.96271e-06
7.90864e-06
8.97793e-06
1.0186e-05
1.15499e-05
1.30889e-05
1.48245e-05
1.67806e-05
1.89839e-05
2.14641e-05
2.42543e-05
2.73915e-05
3.09167e-05
3.48755e-05
3.93186e-05
4.43022e-05
4.98887e-05
5.61474e-05
6.31548e-05
7.09959e-05
7.97646e-05
8.95647e-05
0.000100511
0.00011273
0.000126362
0.000141561
0.000158497
0.000177356
0.000198345
0.000221691
0.000247642
0.000276472
0.00030848
0.000343995
0.000383379
0.000427026
0.000475368
0.000528878
0.000588073
0.000653517
0.000725826
0.000805671
0.000893785
0.000990965
0.00109808
0.00121607
0.00134596
0.00148888
0.00164601
0.00181869
0.00200832
0.00221645
0.00244474
0.00269499
0.00296914
0.0032693
0.00359774
0.00395689
0.00434939
0.00477807
0.00524597
0.00575639
0.00631283
0.00691907
0.00757917
0.00829746
0.0090786
0.00992755
0.0108496
0.0118506
0.0129364
0.0141135
0.0153889
0.01677
0.0182644
0.0198805
0.0216272
0.0235138
0.0255503
0.0277472
0.0301156
0.0326674
0.0354149
0.0383715
0.041551
0.044968
0.048638
0.0525772
0.0568028
0.0613326
0.0661856
0.0713815
0.0769409
0.0828855
0.0892381
0.0960223
0.103263
0.110985
0.119216
0.127984
0.137318
0.147248
0.157805
0.169021
0.180931
0.193568
0.206968
0.221169
0.236208
0.252125
0.268959
0.286752
0.305546
0.325385
0.346312
0.368373
0.391614
0.416081
0.441822
0.468886
0.497321
0.527177
0.558504
0.591352
0.625771
0.661812
0.699527
0.738964
0.780176
0.823212
0.868122
0.914955
0.96376
1.01458
1.06747
1.12247
1.17962
1.23897
1.30056
1.36442
1.4306
1.49912
1.57002
1.64332
1.71906
1.79725
1.87792
1.96107
2.04673
2.13491
2.2256
2.31881
2.41453
2.51275
2.61347
2.71665
2.82229
2.93034
3.04078
3.15357
3.26866
3.38599
3.50552
3.62718
3.75091
3.87662
4.00423
4.13367
4.26483
4.39763
4.53194
4.66768
4.80471
4.94291
5.08216
5.22233
5.36328
5.50486
5.64692
5.78932
5.93189
6.07447
6.21689
6.359
6.50061
6.64155
6.78163
6.92069
7.05853
7.19497
7.32983
7.46292
7.59405
7.72303
7.84969
7.97382
8.09526
8.21382
8.32932
8.44158
8.55043
8.65569
8.75721
8.85482
8.94836
9.03768
9.12265
9.2031
9.27893
9.34999
9.41618
9.47737
9.53347
9.58439
9.63003
9.67031
9.70518
9.73456
9.75841
9.77669
9.78936
9.79641
9.79782
9.79359
9.78373
9.76825
9.74718
9.72056
9.68843
9.65084
9.60787
9.55959
9.50607
9.44741
9.3837
9.31506
9.2416
9.16345
9.08072
8.99356
8.90211
8.80651
8.70693
8.60352
8.49644
8.38587
8.27197
8.15492
8.03489
7.91208
7.78666
7.65882
7.52874
7.39661
7.26261
7.12694
6.98977
6.8513
6.71171
6.57117
6.42988
6.288
6.14571
6.00318
5.86059
5.71809
5.57584
5.434
5.29272
5.15214
5.01241
4.87367
4.73604
4.59964
4.4646
4.33103
4.19904
4.06873
3.94019
3.81352
3.68879
3.56609
3.44549
3.32705
3.21083
3.09689
2.98527
2.87601
2.76916
2.66475
2.5628
2.46333
2.36635
2.27189
2.17994
2.09051
2.00359
1.91918
1.83727
1.75784
1.68088
1.60636
1.53427
1.46456
1.39722
1.33221
1.26949
1.20902
1.15078
1.0947
1.04077
0.988916
0.939108
0.891295
0.84543
0.801463
0.759345
0.719027
0.680457
0.643586
0.608362
0.574735
0.542654
0.512069
0.482929
0.455186
0.428789
0.403691
0.379843
0.357198
0.33571
0.315332
0.296021
0.277733
0.260425
0.244055
0.228582
0.213966
0.20017
0.187156
0.174887
0.163329
0.152446
0.142207
0.132579
0.123532
0.115035
0.107062
0.0995839
0.0925747
0.0860094
0.0798637
0.0741144
0.0687394
0.0637175
0.0590285
0.0546531
0.0505729
0.0467704
0.0432288
0.0399325
0.0368662
0.0340159
0.0313678
0.0289092
0.026628
0.0245127
0.0225524
0.020737
0.0190567
0.0175025
0.0160658
0.0147385
0.0135131
0.0123825
0.0113399
0.0103791
0.00949427
0.00867987
0.00793075
0.00724212
0.00660948
0.00602862
0.00549565
0.00500692
0.00455902
0.0041488
0.00377331
0.00342984
0.00311583
0.00282895
0.002567
0.00232796
0.00210997
0.00191129
0.00173032
0.00156559
0.00141572
0.00127946
0.00115565
0.00104322
0.000941189
0.000848646
0.000764762
0.000688773
0.000619977
0.000557731
0.000501446
0.000450582
0.000404644
0.00036318
0.000325777
0.000292059
0.000261679
0.000234325
0.000209709
0.000187571
0.000167673
0.0001498
0.000133755
0.00011936
0.000106453
9.48869e-05
8.45288e-05
7.5258e-05
6.69655e-05
5.95524e-05
5.29294e-05
4.70159e-05
4.17391e-05
3.70331e-05
3.28389e-05
2.91029e-05
2.57771e-05
2.28182e-05
2.01873e-05
1.78495e-05
1.57733e-05
1.39306e-05
1.22961e-05
1.08471e-05
9.56337e-06
8.42671e-06
7.42087e-06
6.53133e-06
5.74511e-06
5.05062e-06
4.43753e-06
3.89662e-06
3.41967e-06
2.99937e-06
2.62922e-06
2.30342e-06
2.01683e-06
1.76488e-06
1.54352e-06
1.34914e-06
1.17856e-06
1.02896e-06
8.97831e-07
7.82961e-07
6.82395e-07
5.94403e-07
5.1746e-07
4.50217e-07
3.91487e-07
3.40222e-07
2.955e-07
2.56509e-07
2.22535e-07
1.92949e-07
1.672e-07
1.44804e-07
1.25336e-07
1.08423e-07
9.37381e-08
8.09954e-08
6.99447e-08
6.03669e-08
5.20707e-08
4.48888e-08
3.86751e-08
3.33024e-08
2.86596e-08
2.46498e-08
2.11889e-08
1.82034e-08
1.56295e-08
1.34118e-08
1.15022e-08
9.85884e-09
8.44538e-09
7.23041e-09
6.18666e-09
5.29053e-09
4.5216e-09
3.8622e-09
3.29707e-09
2.81301e-09
2.39863e-09
2.04412e-09
1.741e-09
1.48198e-09
1.26076e-09
1.07196e-09
9.10897e-10
7.73592e-10
6.56607e-10
5.56989e-10
4.72214e-10
4.00112e-10
3.38824e-10
2.86757e-10
2.42555e-10
2.05044e-10
1.73235e-10
1.4628e-10
1.23444e-10
1.04114e-10
8.7763e-11
7.39346e-11
6.22501e-11
5.23798e-11
4.40538e-11
3.70266e-11
3.11043e-11
2.61126e-11
2.19103e-11
1.83722e-11
1.53997e-11
1.28951e-11
1.07976e-11
9.033e-12
7.55418e-12
6.31106e-12
5.27189e-12
4.39815e-12
3.67228e-12
3.06e-12
2.55118e-12
2.12319e-12
1.76892e-12
1.46916e-12
1.22258e-12
1.01508e-12
8.45546e-13
7.00329e-13
5.82645e-13
4.82281e-13
3.9968e-13
3.29292e-13
2.74669e-13
2.26819e-13
1.8785e-13
1.53655e-13
1.27898e-13
1.04583e-13
8.75966e-14
7.20535e-14
5.92859e-14
4.85167e-14
4.01901e-14
3.33067e-14
2.73115e-14
2.40918e-14
1.84297e-14
1.55431e-14
1.34337e-14
9.76996e-15
9.10383e-15
7.32747e-15
4.77396e-15
5.32907e-15
5.32907e-15
3.33067e-15
2.44249e-15
3.21965e-15
1.11022e-16
-4.44089e-16
3.33067e-15
2.22045e-16
-1.77636e-15
3.44169e-15
6.66134e-16
3.33067e-16
3.44169e-15
-4.44089e-16
-2.22045e-16
2.77556e-15
-2.88658e-15
-3.77476e-15
3.33067e-15
-2.66454e-15
-3.10862e-15
2.22045e-15
1.22125e-15
-4.88498e-15
2.88658e-15
-3.33067e-15
-4.21885e-15
1.9984e-15
-2.22045e-16
-5.32907e-15
3.33067e-15
-2.88658e-15
-3.10862e-15
4.44089e-16
4.44089e-16
-5.55112e-15
2.22045e-15
-3.10862e-15
-4.44089e-15
-1.33227e-15
0
-5.10703e-15
-1.55431e-15
-8.88178e-16
-3.33067e-15
-1.9984e-15
-6.66134e-16
-5.32907e-15
9.99201e-16
4.44089e-16
-3.33067e-15
-2.22045e-15
1.11022e-16
-4.66294e-15
-1.33227e-15
-6.66134e-16
-3.33067e-15
-8.88178e-16
5.55112e-16
-2.22045e-15
-6.66134e-16
4.44089e-16
-2.66454e-15
-2.22045e-16
1.22125e-15
-1.33227e-15
-1.55431e-15
1.22125e-15
-1.77636e-15
3.33067e-16
-2.22045e-16
-1.9984e-15
1.11022e-15
4.44089e-16
-2.22045e-15
2.10942e-15
9.99201e-16
3.10862e-15
1.77636e-15
0
-1.33227e-15
3.21965e-15
-2.22045e-16
3.33067e-16
2.77556e-15
-6.66134e-16
-1.55431e-15
1.55431e-15
-1.9984e-15
4.44089e-15
4.996e-15
-2.22045e-16
-4.44089e-16
5.88418e-15
1.77636e-15
5.10703e-15
5.66214e-15
-6.66134e-16
5.32907e-15
6.88338e-15
-2.22045e-15
4.32987e-15
4.88498e-15
4.44089e-16
1.33227e-15
7.32747e-15
2.66454e-15
4.88498e-15
7.66054e-15
-6.66134e-16
5.21805e-15
7.54952e-15
3.21965e-15
4.32987e-15
1.44329e-15
4.10783e-15
4.88498e-15
7.54952e-15
3.55271e-15
4.88498e-15
7.99361e-15
3.10862e-15
4.88498e-15
7.54952e-15
3.77476e-15
3.88578e-15
3.21965e-15
4.44089e-15
-1.11022e-15
3.9968e-15
3.44169e-15
0
2.9976e-15
5.55112e-15
-6.66134e-16
3.9968e-15
3.77476e-15
1.33227e-15
2.77556e-15
2.33147e-15
-6.66134e-16
3.66374e-15
4.44089e-15
0
2.88658e-15
4.44089e-15
0
6.10623e-15
4.996e-15
8.88178e-16
-1.11022e-15
5.32907e-15
-4.44089e-16
4.10783e-15
4.10783e-15
6.66134e-16
-1.11022e-15
2.66454e-15
-2.22045e-16
5.55112e-15
3.88578e-15
-4.44089e-16
-3.55271e-15
2.77556e-15
-4.44089e-16
-8.88178e-16
9.99201e-16
-8.88178e-16
-1.9984e-15
2.33147e-15
-6.66134e-16
2.66454e-15
1.11022e-15
-3.10862e-15
-4.66294e-15
-2.22045e-16
-4.44089e-16
-3.77476e-15
-1.77636e-15
-1.33227e-15
-3.10862e-15
-2.22045e-16
-4.44089e-15
-3.9968e-15
-1.77636e-15
-2.44249e-15
-2.44249e-15
0
-4.44089e-16
-5.55112e-15
-3.77476e-15
-4.21885e-15
-3.33067e-15
2.22045e-16
-4.66294e-15
-5.9952e-15
-3.77476e-15
-3.55271e-15
-2.66454e-15
-1.33227e-15
-5.55112e-15
-5.32907e-15
-3.33067e-15
-3.9968e-15
-3.77476e-15
-6.43929e-15
-3.77476e-15
-3.9968e-15
-5.77316e-15
-4.21885e-15
-3.77476e-15
-2.44249e-15
-5.55112e-15
-4.44089e-15
-4.44089e-15
-3.9968e-15
-3.9968e-15
-3.77476e-15
-4.21885e-15
-3.9968e-15
-5.32907e-15
-3.9968e-15
-4.21885e-15
-1.9984e-15
-3.77476e-15
-3.10862e-15
-5.32907e-15
-1.55431e-15
-4.88498e-15
-1.33227e-15
-1.77636e-15
-3.33067e-15
-5.10703e-15
-1.33227e-15
-3.77476e-15
-1.11022e-15
-1.33227e-15
3.33067e-16
-6.66134e-16
-2.22045e-16
-8.88178e-16
2.44249e-15
6.66134e-16
-4.44089e-16
-2.66454e-15
2.66454e-15
5.55112e-16
3.66374e-15
2.77556e-15
4.66294e-15
4.44089e-15
2.55351e-15
3.77476e-15
4.21885e-15
1.88738e-15
3.21965e-15
4.996e-15
3.33067e-15
6.66134e-15
6.99441e-15
6.32827e-15
7.99361e-15
9.65894e-15
5.66214e-15
6.43929e-15
5.21805e-15
5.10703e-15
6.77236e-15
7.10543e-15
7.66054e-15
1.0103e-14
6.77236e-15
1.18794e-14
1.26565e-14
9.32587e-15
7.32747e-15
1.0103e-14
6.77236e-15
6.32827e-15
1.27676e-14
8.88178e-15
1.02141e-14
1.16573e-14
1.02141e-14
1.42109e-14
1.4766e-14
8.88178e-15
9.65894e-15
1.35447e-14
1.18794e-14
1.58762e-14
1.46549e-14
9.21485e-15
1.59872e-14
1.31006e-14
1.07692e-14
1.45439e-14
1.4988e-14
8.99281e-15
9.65894e-15
1.40998e-14
1.08802e-14
1.39888e-14
1.29896e-14
8.88178e-15
1.42109e-14
1.21014e-14
1.12133e-14
1.13243e-14
6.99441e-15
1.12133e-14
1.26565e-14
1.02141e-14
8.65974e-15
9.65894e-15
7.54952e-15
4.10783e-15
1.02141e-14
7.21645e-15
6.77236e-15
7.66054e-15
4.32987e-15
7.77156e-15
6.66134e-15
3.55271e-15
3.77476e-15
5.77316e-15
2.77556e-15
5.10703e-15
3.77476e-15
1.22125e-15
2.66454e-15
3.77476e-15
1.88738e-15
4.32987e-15
3.77476e-15
-1.77636e-15
4.44089e-16
4.44089e-16
-6.66134e-16
4.44089e-16
1.22125e-15
-4.44089e-15
-2.44249e-15
-2.22045e-15
-8.88178e-16
-1.77636e-15
1.33227e-15
-7.54952e-15
-4.88498e-15
-1.77636e-15
-2.66454e-15
-4.88498e-15
-6.66134e-16
-7.54952e-15
-5.77316e-15
-5.32907e-15
-4.21885e-15
-1.22125e-14
-6.21725e-15
-8.65974e-15
-1.04361e-14
-6.88338e-15
-3.9968e-15
-1.17684e-14
-6.43929e-15
-9.32587e-15
-8.88178e-15
-7.10543e-15
-7.10543e-15
-1.19904e-14
-6.88338e-15
-1.24345e-14
-1.33227e-14
-7.32747e-15
-6.21725e-15
-1.35447e-14
-7.10543e-15
-1.17684e-14
-1.19904e-14
-1.06581e-14
-5.32907e-15
-1.13243e-14
-8.43769e-15
-1.19904e-14
-1.22125e-14
-9.54792e-15
-5.9952e-15
-1.28786e-14
-6.43929e-15
-1.17684e-14
-1.15463e-14
-7.77156e-15
-6.43929e-15
-5.9952e-15
-1.02141e-14
-5.77316e-15
-1.24345e-14
-1.06581e-14
-7.77156e-15
-5.9952e-15
-8.21565e-15
-1.08802e-14
-1.13243e-14
-9.32587e-15
-7.10543e-15
-7.54952e-15
-7.99361e-15
-7.10543e-15
-8.65974e-15
-9.32587e-15
-6.88338e-15
-8.43769e-15
-8.88178e-15
-7.54952e-15
-7.54952e-15
-7.77156e-15
-8.21565e-15
-7.32747e-15
-6.88338e-15
-7.54952e-15
-7.77156e-15
-7.32747e-15
-8.88178e-15
-7.77156e-15
-6.43929e-15
-7.77156e-15
-7.99361e-15
-5.9952e-15
-7.77156e-15
-9.54792e-15
-6.21725e-15
-7.77156e-15
-4.44089e-15
-5.77316e-15
-9.10383e-15
-7.10543e-15
-5.9952e-15
-8.43769e-15
-6.88338e-15
-5.10703e-15
-6.88338e-15
-7.77156e-15
-2.88658e-15
-9.10383e-15
-7.32747e-15
-3.9968e-15
-5.55112e-15
-9.32587e-15
-3.55271e-15
-3.55271e-15
-1.04361e-14
-3.77476e-15
-4.88498e-15
-6.43929e-15
-8.88178e-16
-7.77156e-15
-7.99361e-15
-2.44249e-15
-4.66294e-15
-6.88338e-15
-6.66134e-16
-1.11022e-15
-7.99361e-15
-1.9984e-15
-2.66454e-15
-6.66134e-15
-5.32907e-15
-6.21725e-15
-7.77156e-15
0
-2.22045e-15
-5.9952e-15
-3.10862e-15
1.33227e-15
-5.55112e-15
0
-1.77636e-15
-5.32907e-15
-3.10862e-15
3.77476e-15
-5.77316e-15
1.77636e-15
3.44169e-15
-2.88658e-15
-2.22045e-15
4.32987e-15
-3.10862e-15
3.44169e-15
9.99201e-16
-1.11022e-15
-8.88178e-16
6.32827e-15
-3.10862e-15
4.21885e-15
3.55271e-15
-2.22045e-16
0
4.44089e-15
-2.22045e-16
3.77476e-15
4.21885e-15
4.21885e-15
2.22045e-15
7.66054e-15
6.21725e-15
6.66134e-15
3.33067e-15
3.77476e-15
1.9984e-15
5.10703e-15
1.77636e-15
6.32827e-15
4.32987e-15
3.10862e-15
5.21805e-15
6.55032e-15
6.66134e-15
4.77396e-15
3.10862e-15
5.10703e-15
8.43769e-15
2.77556e-15
4.77396e-15
7.66054e-15
3.88578e-15
6.55032e-15
7.21645e-15
3.33067e-15
6.55032e-15
7.32747e-15
9.76996e-15
6.88338e-15
6.77236e-15
3.44169e-15
6.10623e-15
9.76996e-15
8.99281e-15
4.88498e-15
7.99361e-15
2.10942e-15
5.10703e-15
7.66054e-15
9.99201e-15
5.44009e-15
6.77236e-15
3.44169e-15
7.54952e-15
8.65974e-15
7.43849e-15
2.44249e-15
7.43849e-15
2.55351e-15
2.22045e-15
7.10543e-15
8.99281e-15
1.77636e-15
4.996e-15
1.66533e-15
1.44329e-15
7.66054e-15
7.77156e-15
8.88178e-16
7.21645e-15
7.77156e-16
9.99201e-16
6.99441e-15
6.10623e-15
1.11022e-15
1.77636e-15
-1.11022e-15
-1.11022e-15
-1.55431e-15
4.55191e-15
-8.88178e-16
1.9984e-15
-1.11022e-15
-1.55431e-15
4.55191e-15
3.33067e-15
-8.88178e-16
0
-3.10862e-15
-1.9984e-15
-3.77476e-15
3.10862e-15
-2.44249e-15
1.11022e-16
2.22045e-15
-4.21885e-15
4.32987e-15
-6.66134e-16
1.22125e-15
0
0
-2.88658e-15
-6.66134e-15
4.44089e-16
-2.22045e-16
-2.44249e-15
-8.88178e-16
-4.66294e-15
-3.55271e-15
-2.22045e-15
-2.88658e-15
-4.88498e-15
-3.55271e-15
-3.33067e-15
-7.32747e-15
-4.44089e-16
-4.21885e-15
-1.9984e-15
-2.44249e-15
-3.10862e-15
2.22045e-16
-3.10862e-15
-3.55271e-15
-3.77476e-15
-2.22045e-15
-2.22045e-16
-4.21885e-15
-6.66134e-16
-3.33067e-15
-1.9984e-15
-4.21885e-15
-4.44089e-16
-2.88658e-15
-4.44089e-16
-2.66454e-15
-6.66134e-16
-1.11022e-15
-1.55431e-15
1.66533e-15
-3.77476e-15
-2.66454e-15
1.44329e-15
-2.22045e-16
-4.44089e-16
2.66454e-15
-1.9984e-15
-2.22045e-15
1.33227e-15
4.44089e-16
4.55191e-15
4.88498e-15
-3.10862e-15
0
3.44169e-15
3.33067e-15
6.32827e-15
4.44089e-15
8.99281e-15
3.33067e-16
3.9968e-15
4.21885e-15
2.55351e-15
6.99441e-15
-2.66454e-15
2.33147e-15
-2.22045e-16
1.22125e-15
4.88498e-15
7.54952e-15
1.14353e-14
1.44329e-15
9.99201e-16
3.77476e-15
3.66374e-15
9.99201e-15
4.10783e-15
5.10703e-15
1.44329e-15
5.77316e-15
6.21725e-15
4.88498e-15
1.25455e-14
4.44089e-15
5.77316e-15
5.44009e-15
4.88498e-15
9.32587e-15
-2.22045e-15
5.32907e-15
4.44089e-16
2.22045e-15
7.43849e-15
6.43929e-15
4.88498e-15
3.55271e-15
-6.66134e-16
0
5.10703e-15
6.99441e-15
2.33147e-15
8.10463e-15
-1.77636e-15
2.22045e-16
3.55271e-15
6.21725e-15
4.44089e-16
-2.44249e-15
2.77556e-15
-2.22045e-15
4.44089e-16
6.10623e-15
4.55191e-15
3.66374e-15
3.21965e-15
-3.33067e-15
3.66374e-15
3.33067e-15
-2.22045e-15
2.22045e-15
-5.55112e-15
-3.77476e-15
-3.33067e-15
1.55431e-15
-2.22045e-15
-1.77636e-15
-4.21885e-15
-8.43769e-15
-2.22045e-15
4.10783e-15
-5.9952e-15
1.11022e-16
-1.77636e-15
-7.54952e-15
-2.22045e-16
1.66533e-15
-1.33227e-15
-5.9952e-15
-6.66134e-16
-6.88338e-15
-8.21565e-15
1.88738e-15
-3.9968e-15
-6.43929e-15
-3.55271e-15
-5.32907e-15
-1.19904e-14
-5.10703e-15
-4.21885e-15
-1.02141e-14
-1.11022e-15
-9.99201e-15
-5.9952e-15
-1.55431e-15
-9.99201e-15
-1.11022e-15
-3.10862e-15
-7.99361e-15
-3.10862e-15
-3.10862e-15
-5.77316e-15
-1.06581e-14
-1.11022e-15
-7.77156e-15
-8.43769e-15
-6.21725e-15
-4.44089e-15
-9.32587e-15
-1.24345e-14
-7.77156e-15
-6.21725e-15
-6.43929e-15
-8.65974e-15
-1.13243e-14
-2.22045e-16
-3.55271e-15
-7.10543e-15
-6.43929e-15
-5.9952e-15
-8.88178e-15
-1.28786e-14
-2.44249e-15
-4.21885e-15
-6.66134e-15
-9.76996e-15
-6.43929e-15
-1.9984e-15
-3.33067e-15
-4.66294e-15
-5.77316e-15
-6.21725e-15
-8.88178e-15
-1.08802e-14
-4.44089e-15
7.77156e-16
-5.55112e-15
-1.15463e-14
-7.77156e-15
-6.66134e-16
-2.22045e-15
-2.66454e-15
-5.77316e-15
-7.10543e-15
-8.21565e-15
-9.54792e-15
-1.33227e-15
-6.66134e-16
-3.55271e-15
-1.15463e-14
-4.21885e-15
-6.43929e-15
0
-1.11022e-15
3.77476e-15
-7.10543e-15
-6.66134e-15
-4.44089e-15
7.77156e-16
1.11022e-15
1.77636e-15
-2.66454e-15
-2.88658e-15
1.11022e-15
1.11022e-15
1.11022e-15
-2.66454e-15
-5.32907e-15
-2.44249e-15
-2.88658e-15
1.33227e-15
1.44329e-15
6.10623e-15
-3.9968e-15
-1.33227e-15
-6.66134e-16
2.88658e-15
3.21965e-15
5.66214e-15
2.77556e-15
1.9984e-15
4.32987e-15
6.55032e-15
6.99441e-15
1.34337e-14
8.77076e-15
6.99441e-15
1.35447e-14
1.64313e-14
2.15383e-14
2.498e-14
2.9976e-14
3.66374e-14
4.07452e-14
5.20695e-14
6.4615e-14
8.00471e-14
9.22595e-14
1.10134e-13
1.3578e-13
1.65534e-13
2.01728e-13
2.36922e-13
2.88325e-13
3.51164e-13
4.21663e-13
5.07039e-13
6.11733e-13
7.38298e-13
8.86957e-13
1.06648e-12
1.28431e-12
1.54476e-12
1.85363e-12
2.22478e-12
2.67275e-12
3.21076e-12
3.84204e-12
4.60876e-12
5.51736e-12
6.60827e-12
7.89946e-12
9.44944e-12
1.12952e-11
1.34882e-11
1.60957e-11
1.92005e-11
2.28967e-11
2.72847e-11
3.24948e-11
3.86799e-11
4.60102e-11
5.46958e-11
6.49926e-11
7.71824e-11
9.16034e-11
1.08657e-10
1.28804e-10
1.52607e-10
1.80707e-10
2.13856e-10
2.5294e-10
2.98995e-10
3.53222e-10
4.17058e-10
4.92144e-10
5.80413e-10
6.8412e-10
8.05897e-10
9.48791e-10
1.11639e-09
1.31284e-09
1.54297e-09
1.81239e-09
2.12763e-09
2.49626e-09
2.92708e-09
3.43028e-09
4.01766e-09
4.70292e-09
5.50189e-09
6.43289e-09
7.5171e-09
8.77899e-09
1.02468e-08
1.19532e-08
1.39356e-08
1.62375e-08
1.89088e-08
2.20068e-08
2.55977e-08
2.97574e-08
3.45731e-08
4.0145e-08
4.65881e-08
5.40342e-08
6.26342e-08
7.25612e-08
8.40133e-08
9.72167e-08
1.1243e-07
1.2995e-07
1.50113e-07
1.73305e-07
1.99965e-07
2.30594e-07
2.6576e-07
3.06113e-07
3.52391e-07
4.05431e-07
4.66186e-07
5.35736e-07
6.15309e-07
7.06293e-07
8.10265e-07
9.29007e-07
1.06454e-06
1.21914e-06
1.39539e-06
1.59619e-06
1.82485e-06
2.08506e-06
2.381e-06
2.71739e-06
3.09951e-06
3.53333e-06
4.02555e-06
4.5837e-06
5.21623e-06
5.93263e-06
6.74355e-06
7.66089e-06
8.69801e-06
9.86984e-06
1.11931e-05
1.26865e-05
1.43708e-05
1.62694e-05
1.84082e-05
2.08162e-05
2.35257e-05
2.65725e-05
2.99966e-05
3.38425e-05
3.81594e-05
4.30023e-05
4.84319e-05
5.45156e-05
6.13282e-05
6.89525e-05
7.74799e-05
8.70119e-05
9.76602e-05
0.000109549
0.000122813
0.000137605
0.00015409
0.00017245
0.000192886
0.000215621
0.000240896
0.000268979
0.000300162
0.000334769
0.00037315
0.000415692
0.000462817
0.000514989
0.000572711
0.000636537
0.000707069
0.000784964
0.000870939
0.000965773
0.00107032
0.0011855
0.00131231
0.00145186
0.00160532
0.00177399
0.00195924
0.00216259
0.00238568
0.00263026
0.00289825
0.0031917
0.00351285
0.00386408
0.00424798
0.00466734
0.00512514
0.00562461
0.0061692
0.00676262
0.00740886
0.00811218
0.00887715
0.00970867
0.010612
0.0115926
0.0126566
0.0138103
0.0150605
0.0164144
0.0178797
0.0194646
0.0211778
0.0230285
0.0250266
0.0271823
0.0295068
0.0320116
0.034709
0.037612
0.0407344
0.0440906
0.0476959
0.0515663
0.0557186
0.0601706
0.064941
0.0700492
0.0755158
0.081362
0.0876105
0.0942844
0.101408
0.109008
0.117109
0.125741
0.13493
0.144708
0.155105
0.166154
0.177887
0.190338
0.203545
0.217542
0.232368
0.248061
0.264662
0.282212
0.300752
0.320325
0.340976
0.362749
0.38569
0.409846
0.435265
0.461994
0.490081
0.519578
0.550532
0.582995
0.617016
0.652647
0.689938
0.728941
0.769704
0.812279
0.856716
0.903064
0.951371
1.00169
1.05405
1.10852
1.16513
1.22393
1.28495
1.34824
1.41384
1.48177
1.55207
1.62477
1.69989
1.77747
1.85752
1.94005
2.02508
2.11263
2.20269
2.29527
2.39036
2.48796
2.58805
2.69062
2.79565
2.9031
3.01295
3.12515
3.23967
3.35645
3.47544
3.59657
3.71979
3.84501
3.97215
4.10114
4.23189
4.36428
4.49823
4.63362
4.77033
4.90826
5.04726
5.18721
5.32798
5.46941
5.61137
5.75369
5.89624
6.03883
6.18131
6.32351
6.46526
6.60638
6.7467
6.88603
7.02419
7.161
7.29627
7.42982
7.56146
7.691
7.81825
7.94304
8.06517
8.18446
8.30074
8.41383
8.52354
8.62972
8.73219
8.83079
8.92536
9.01576
9.10182
9.18342
9.26041
9.33268
9.4001
9.46255
9.51993
9.57215
9.61912
9.66075
9.69697
9.72773
9.75297
9.77264
9.78672
9.79518
9.798
