2048 1 1
3.26636e-10 2.30966e-10 3.26636e-10
4.12364
4.12345
4.12231
4.12023
4.1172
4.11323
4.10833
4.10249
4.09574
4.08807
4.07949
4.07002
4.05966
4.04843
4.03633
4.02339
4.00961
3.99501
3.97961
3.96342
3.94646
3.92874
3.91029
3.89113
3.87127
3.85074
3.82955
3.80773
3.7853
3.76228
3.7387
3.71457
3.68992
3.66477
3.63915
3.61309
3.58659
3.5597
3.53242
3.5048
3.47684
3.44858
3.42003
3.39123
3.36219
3.33294
3.30351
3.27391
3.24416
3.21429
3.18433
3.15428
3.12418
3.09405
3.06389
3.03375
3.00362
2.97354
2.94351
2.91356
2.88371
2.85397
2.82435
2.79488
2.76556
2.73641
2.70745
2.67868
2.65012
2.62178
2.59367
2.56581
2.5382
2.51084
2.48376
2.45695
2.43043
2.4042
2.37826
2.35263
2.32731
2.3023
2.2776
2.25323
2.22918
2.20545
2.18205
2.15898
2.13624
2.11382
2.09174
2.06999
2.04857
2.02748
2.00671
1.98627
1.96616
1.94637
1.92689
1.90773
1.88889
1.87036
1.85213
1.8342
1.81658
1.79925
1.78221
1.76546
1.74899
1.7328
1.71688
1.70123
1.68584
1.67071
1.65584
1.64121
1.62683
1.61268
1.59878
1.5851
1.57164
1.5584
1.54538
1.53257
1.51996
1.50756
1.49534
1.48332
1.47149
1.45983
1.44836
1.43705
1.42592
1.41495
1.40414
1.39349
1.38299
1.37264
1.36243
1.35237
1.34245
1.33266
1.323
1.31348
1.30408
1.2948
1.28564
1.2766
1.26768
1.25887
1.25017
1.24158
1.23309
1.22471
1.21643
1.20825
1.20017
1.19218
1.18429
1.1765
1.16879
1.16118
1.15365
1.14622
1.13887
1.13161
1.12443
1.11734
1.11033
1.1034
1.09655
1.08979
1.0831
1.0765
1.06997
1.06352
1.05716
1.05086
1.04465
1.03851
1.03246
1.02647
1.02057
1.01474
1.00898
1.00331
0.997705
0.992179
0.986729
0.981355
0.976057
0.970834
0.965687
0.960616
0.95562
0.950701
0.945858
0.941091
0.9364
0.931785
0.927247
0.922785
0.9184
0.914092
0.909861
0.905708
0.901631
0.897632
0.893711
0.889867
0.886102
0.882415
0.878806
0.875275
0.871824
0.868451
0.865157
0.861942
0.858807
0.855751
0.852775
0.849879
0.847062
0.844326
0.84167
0.839095
0.8366
0.834186
0.831853
0.829601
0.82743
0.82534
0.823332
0.821405
0.819559
0.817796
0.816114
0.814514
0.812996
0.81156
0.810207
0.808935
0.807746
0.80664
0.805616
0.804674
0.803815
0.803039
0.802345
0.801734
0.801206
0.800761
0.800398
0.800118
0.799922
0.799808
0.799777
0.799828
0.799963
0.800181
0.800481
0.800864
0.80133
0.801879
0.802511
0.803225
0.804022
0.804902
0.805864
0.806909
0.808036
0.809245
0.810537
0.811912
0.813368
0.814906
0.816527
0.818229
0.820013
0.821879
0.823826
0.825855
0.827965
0.830156
0.832429
0.834782
0.837216
0.839731
0.842327
0.845003
0.847759
0.850595
0.853512
0.856508
0.859583
0.862739
0.865973
0.869287
0.872679
0.876151
0.879701
0.883329
0.887036
0.890821
0.894684
0.898625
0.902643
0.906739
0.910912
0.915162
0.919489
0.923893
0.928374
0.932931
0.937565
0.942275
0.947061
0.951924
0.956862
0.961876
0.966967
0.972132
0.977374
0.982692
0.988085
0.993554
0.999098
1.00472
1.01042
1.01619
1.02204
1.02796
1.03396
1.04004
1.0462
1.05243
1.05874
1.06513
1.07159
1.07814
1.08477
1.09147
1.09826
1.10512
1.11207
1.1191
1.12622
1.13341
1.1407
1.14807
1.15553
1.16307
1.17071
1.17844
1.18626
1.19417
1.20218
1.21028
1.21849
1.2268
1.2352
1.24372
1.25233
1.26106
1.2699
1.27885
1.28792
1.29711
1.30642
1.31585
1.32541
1.3351
1.34492
1.35487
1.36497
1.37521
1.3856
1.39614
1.40683
1.41768
1.42869
1.43986
1.45121
1.46273
1.47443
1.48631
1.49838
1.51064
1.5231
1.53575
1.54862
1.56169
1.57498
1.5885
1.60223
1.6162
1.6304
1.64484
1.65953
1.67447
1.68966
1.70511
1.72083
1.73682
1.75308
1.76962
1.78644
1.80355
1.82096
1.83866
1.85666
1.87496
1.89357
1.91249
1.93173
1.95128
1.97116
1.99135
2.01187
2.03272
2.05389
2.0754
2.09723
2.1194
2.14189
2.16471
2.18787
2.21135
2.23516
2.25929
2.28375
2.30852
2.33361
2.35901
2.38472
2.41073
2.43703
2.46363
2.4905
2.51766
2.54508
2.57275
2.60068
2.62884
2.65724
2.68585
2.71467
2.74368
2.77287
2.80223
2.83174
2.86139
2.89116
2.92104
2.95101
2.98105
3.01115
3.04128
3.07143
3.10158
3.13171
3.1618
3.19183
3.22177
3.25161
3.28132
3.31088
3.34028
3.36947
3.39845
3.42719
3.45567
3.48386
3.51173
3.53928
3.56646
3.59325
3.61964
3.6456
3.67111
3.69613
3.72065
3.74465
3.76809
3.79097
3.81325
3.83491
3.85593
3.8763
3.89599
3.91497
3.93324
3.95077
3.96754
3.98353
3.99874
4.01313
4.0267
4.03944
4.05132
4.06233
4.07247
4.08172
4.09007
4.09751
4.10404
4.10964
4.11431
4.11804
4.12084
4.12269
4.12359
4.12354
4.12255
4.12061
4.11773
4.1139
4.10913
4.10343
4.0968
4.08925
4.08079
4.07142
4.06116
4.05002
4.038
4.02512
4.0114
3.99685
3.98147
3.9653
3.94835
3.93062
3.91215
3.89295
3.87304
3.85243
3.83116
3.80923
3.78668
3.76352
3.73978
3.71547
3.69063
3.66527
3.63942
3.6131
3.58633
3.55915
3.53156
3.5036
3.4753
3.44667
3.41773
3.38852
3.35906
3.32936
3.29946
3.26937
3.23912
3.20873
3.17823
3.14762
3.11695
3.08622
3.05545
3.02467
2.9939
2.96316
2.93245
2.90181
2.87125
2.84078
2.81043
2.7802
2.75011
2.72018
2.69043
2.66085
2.63148
2.60231
2.57336
2.54464
2.51616
2.48794
2.45997
2.43227
2.40485
2.3777
2.35085
2.32429
2.29803
2.27208
2.24644
2.22111
2.19609
2.1714
2.14702
2.12297
2.09924
2.07584
2.05276
2.03001
2.00759
1.98549
1.96371
1.94226
1.92112
1.9003
1.8798
1.85961
1.83973
1.82016
1.8009
1.78193
1.76326
1.74488
1.72678
1.70897
1.69145
1.67419
1.65721
1.64049
1.62403
1.60782
1.59187
1.57616
1.56069
1.54546
1.53046
1.51568
1.50112
1.48678
1.47265
1.45872
1.44499
1.43146
1.41812
1.40496
1.39199
1.37919
1.36656
1.3541
1.3418
1.32966
1.31767
1.30584
1.29415
1.2826
1.27119
1.25991
1.24876
1.23774
1.22685
1.21607
1.20542
1.19487
1.18444
1.17412
1.1639
1.15378
1.14376
1.13384
1.12402
1.11429
1.10464
1.09509
1.08562
1.07624
1.06694
1.05772
1.04858
1.03952
1.03053
1.02162
1.01278
1.00401
0.995309
0.98668
0.978119
0.969625
0.961197
0.952834
0.944535
0.9363
0.928126
0.920015
0.911964
0.903974
0.896044
0.888172
0.88036
0.872605
0.864908
0.857268
0.849684
0.842157
0.834686
0.82727
0.81991
0.812604
0.805354
0.798157
0.791015
0.783927
0.776892
0.769911
0.762983
0.756108
0.749286
0.742516
0.7358
0.729135
0.722523
0.715964
0.709456
0.703
0.696595
0.690243
0.683941
0.677691
0.671493
0.665345
0.659248
0.653203
0.647207
0.641263
0.635369
0.629525
0.623731
0.617988
0.612294
0.60665
0.601055
0.59551
0.590015
0.584568
0.579171
0.573822
0.568522
0.56327
0.558067
0.552912
0.547805
0.542745
0.537733
0.532768
0.527851
0.52298
0.518156
0.513379
0.508648
0.503963
0.499324
0.49473
0.490182
0.485679
0.481221
0.476807
0.472438
0.468113
0.463832
0.459595
0.455401
0.45125
0.447142
0.443077
0.439053
0.435072
0.431133
0.427235
0.423378
0.419562
0.415787
0.412052
0.408357
0.404702
0.401086
0.39751
0.393972
0.390473
0.387012
0.383589
0.380204
0.376856
0.373545
0.370271
0.367033
0.363832
0.360666
0.357535
0.35444
0.35138
0.348354
0.345363
0.342406
0.339482
0.336591
0.333734
0.330909
0.328117
0.325357
0.322629
0.319932
0.317266
0.314631
0.312027
0.309453
0.306909
0.304395
0.30191
0.299454
0.297027
0.294628
0.292258
0.289915
0.2876
0.285312
0.283052
0.280818
0.27861
0.276429
0.274273
0.272143
0.270038
0.267958
0.265903
0.263872
0.261866
0.259883
0.257924
0.255989
0.254076
0.252186
0.250319
0.248474
0.246651
0.24485
0.24307
0.241312
0.239574
0.237858
0.236162
0.234486
0.23283
0.231193
0.229577
0.227979
0.226401
0.224841
0.2233
0.221778
0.220273
0.218786
0.217317
0.215866
0.214432
0.213014
0.211614
0.21023
0.208862
0.207511
0.206175
0.204855
0.203551
0.202262
0.200988
0.19973
0.198486
0.197256
0.196041
0.19484
0.193653
0.19248
0.19132
0.190174
0.189042
0.187922
0.186815
0.185721
0.18464
0.183571
0.182514
0.181469
0.180436
0.179415
0.178406
0.177408
0.176421
0.175446
0.174481
0.173528
0.172585
0.171652
0.17073
0.169819
0.168917
0.168025
0.167144
0.166272
0.165409
0.164556
0.163713
0.162878
0.162053
0.161237
0.160429
0.15963
0.15884
0.158058
0.157285
0.15652
0.155763
0.155014
0.154273
0.15354
0.152814
0.152097
0.151386
0.150683
0.149988
0.149299
0.148618
0.147943
0.147276
0.146615
0.145961
0.145314
0.144673
0.144039
0.143411
0.142789
0.142174
0.141564
0.140961
0.140364
0.139772
0.139187
0.138607
0.138032
0.137464
0.1369
0.136342
0.13579
0.135243
0.134701
0.134164
0.133632
0.133105
0.132583
0.132066
0.131554
0.131046
0.130544
0.130045
0.129552
0.129063
0.128578
0.128098
0.127622
0.12715
0.126683
0.126219
0.12576
0.125305
0.124854
0.124407
0.123964
0.123524
0.123089
0.122657
0.122229
0.121805
0.121384
0.120967
0.120553
0.120143
0.119736
0.119333
0.118933
0.118537
0.118143
0.117753
0.117366
0.116983
0.116602
0.116225
0.115851
0.115479
0.115111
0.114746
0.114383
0.114024
0.113667
0.113313
0.112962
0.112614
0.112268
0.111925
0.111585
0.111247
0.110913
0.11058
0.11025
0.109923
0.109598
0.109276
0.108956
0.108639
0.108324
0.108011
0.107701
0.107392
0.107087
0.106783
0.106482
0.106183
0.105886
0.105592
0.105299
0.105009
0.104721
0.104435
0.104151
0.103869
0.103589
0.103311
0.103035
0.102761
0.102489
0.102219
0.101951
0.101685
0.101421
0.101158
0.100898
0.100639
0.100382
0.100127
0.0998739
0.0996224
0.0993726
0.0991246
0.0988783
0.0986338
0.0983909
0.0981497
0.0979102
0.0976724
0.0974362
0.0972017
0.0969687
0.0967374
0.0965077
0.0962795
0.0960529
0.0958279
0.0956045
0.0953825
0.0951621
0.0949432
0.0947258
0.0945099
0.0942955
0.0940825
0.093871
0.093661
0.0934523
0.0932452
0.0930394
0.092835
0.0926321
0.0924305
0.0922303
0.0920315
0.0918341
0.091638
0.0914432
0.0912498
0.0910578
0.090867
0.0906775
0.0904894
0.0903026
0.090117
0.0899327
0.0897497
0.089568
0.0893875
0.0892083
0.0890303
0.0888536
0.0886781
0.0885038
0.0883308
0.0881589
0.0879883
0.0878188
0.0876506
0.0874835
0.0873176
0.0871529
0.0869894
0.086827
0.0866658
0.0865058
0.0863468
0.0861891
0.0860324
0.0858769
0.0857225
0.0855693
0.0854171
0.0852661
0.0851162
0.0849673
0.0848196
0.084673
0.0845274
0.0843829
0.0842396
0.0840972
0.083956
0.0838158
0.0836767
0.0835386
0.0834016
0.0832656
0.0831307
0.0829968
0.082864
0.0827322
0.0826014
0.0824717
0.0823429
0.0822152
0.0820885
0.0819628
0.0818382
0.0817145
0.0815918
0.0814702
0.0813495
0.0812298
0.0811111
0.0809934
0.0808767
0.0807609
0.0806462
0.0805324
0.0804196
0.0803077
0.0801968
0.0800869
0.0799779
0.0798699
0.0797629
0.0796568
0.0795516
0.0794474
0.0793442
0.0792419
0.0791405
0.0790401
0.0789406
0.078842
0.0787444
0.0786477
0.0785519
0.0784571
0.0783632
0.0782702
0.0781781
0.0780869
0.0779966
0.0779073
0.0778189
0.0777314
0.0776447
0.077559
0.0774742
0.0773903
0.0773073
0.0772252
0.077144
0.0770637
0.0769843
0.0769057
0.0768281
0.0767513
0.0766755
0.0766005
0.0765264
0.0764532
0.0763808
0.0763094
0.0762388
0.0761691
0.0761003
0.0760323
0.0759653
0.0758991
0.0758337
0.0757693
0.0757057
0.0756429
0.075581
0.07552
0.0754599
0.0754006
0.0753422
0.0752846
0.0752279
0.0751721
0.0751171
0.075063
0.0750097
0.0749573
0.0749057
0.074855
0.0748051
0.0747561
0.0747079
0.0746606
0.0746141
0.0745685
0.0745237
0.0744798
0.0744367
0.0743944
0.074353
0.0743124
0.0742727
0.0742338
0.0741958
0.0741586
0.0741222
0.0740867
0.074052
0.0740181
0.0739851
0.0739529
0.0739215
0.073891
0.0738613
0.0738325
0.0738045
0.0737773
0.0737509
0.0737254
0.0737007
0.0736769
0.0736538
0.0736316
0.0736102
0.0735897
0.07357
0.0735511
0.073533
0.0735158
0.0734994
0.0734838
0.0734691
0.0734551
0.073442
0.0734298
0.0734183
0.0734077
0.0733979
0.0733889
0.0733808
0.0733735
0.073367
0.0733613
0.0733565
0.0733525
0.0733493
0.0733469
0.0733453
0.0733446
0.0733447
0.0733456
0.0733474
0.07335
0.0733534
0.0733576
0.0733627
0.0733685
0.0733752
0.0733828
0.0733911
0.0734003
0.0734103
0.0734211
0.0734328
0.0734452
0.0734585
0.0734727
0.0734876
0.0735034
0.07352
0.0735375
0.0735557
0.0735748
0.0735948
0.0736155
0.0736371
0.0736595
0.0736827
0.0737068
0.0737317
0.0737574
0.073784
0.0738114
0.0738396
0.0738687
0.0738986
0.0739293
0.0739609
0.0739933
0.0740265
0.0740606
0.0740955
0.0741312
0.0741678
0.0742052
0.0742435
0.0742826
0.0743225
0.0743633
0.0744049
0.0744474
0.0744907
0.0745348
0.0745798
0.0746257
0.0746723
0.0747199
0.0747683
0.0748175
0.0748676
0.0749185
0.0749703
0.0750229
0.0750764
0.0751308
0.075186
0.075242
0.075299
0.0753567
0.0754154
0.0754749
0.0755352
0.0755964
0.0756585
0.0757215
0.0757853
0.07585
0.0759155
0.0759819
0.0760492
0.0761174
0.0761865
0.0762564
0.0763272
0.0763988
0.0764714
0.0765448
0.0766192
0.0766944
0.0767704
0.0768474
0.0769253
0.077004
0.0770837
0.0771642
0.0772456
0.077328
0.0774112
0.0774953
0.0775804
0.0776663
0.0777531
0.0778409
0.0779296
0.0780191
0.0781096
0.078201
0.0782933
0.0783866
0.0784807
0.0785758
0.0786718
0.0787687
0.0788666
0.0789654
0.0790651
0.0791658
0.0792674
0.0793699
0.0794734
0.0795778
0.0796832
0.0797896
0.0798968
0.0800051
0.0801143
0.0802244
0.0803356
0.0804477
0.0805607
0.0806748
0.0807898
0.0809058
0.0810227
0.0811407
0.0812596
0.0813796
0.0815005
0.0816224
0.0817453
0.0818692
0.0819942
0.0821201
0.082247
0.082375
0.082504
0.082634
0.082765
0.0828971
0.0830302
0.0831643
0.0832995
0.0834358
0.083573
0.0837114
0.0838508
0.0839912
0.0841327
0.0842753
0.084419
0.0845637
0.0847095
0.0848564
0.0850044
0.0851536
0.0853038
0.0854551
0.0856075
0.085761
0.0859157
0.0860715
0.0862284
0.0863865
0.0865457
0.086706
0.0868675
0.0870302
0.087194
0.087359
0.0875252
0.0876925
0.0878611
0.0880308
0.0882018
0.0883739
0.0885473
0.0887219
0.0888977
0.0890747
0.089253
0.0894325
0.0896133
0.0897954
0.0899787
0.0901633
0.0903492
0.0905363
0.0907248
0.0909146
0.0911056
0.0912981
0.0914918
0.0916869
0.0918833
0.0920811
0.0922803
0.0924808
0.0926827
0.092886
0.0930907
0.0932968
0.0935044
0.0937133
0.0939238
0.0941356
0.0943489
0.0945637
0.09478
0.0949978
0.0952171
0.0954379
0.0956602
0.095884
0.0961094
0.0963364
0.096565
0.0967951
0.0970268
0.0972601
0.0974951
0.0977317
0.09797
0.0982099
0.0984515
0.0986947
0.0989397
0.0991864
0.0994349
0.0996851
0.099937
0.100191
0.100446
0.100704
0.100963
0.101224
0.101487
0.101751
0.102018
0.102287
0.102557
0.10283
0.103104
0.10338
0.103659
0.103939
0.104222
0.104506
0.104793
0.105081
0.105372
0.105665
0.10596
0.106258
0.106557
0.106859
0.107163
0.107469
0.107778
0.108089
0.108402
0.108718
0.109036
0.109356
0.109679
0.110005
0.110333
0.110663
0.110996
0.111332
0.11167
0.112011
0.112354
0.112701
0.11305
0.113401
0.113756
0.114113
0.114473
0.114837
0.115203
0.115572
0.115944
0.116319
0.116697
0.117078
0.117463
0.11785
0.118241
0.118635
0.119033
0.119433
0.119838
0.120245
0.120656
0.121071
0.121489
0.12191
0.122336
0.122765
0.123197
0.123634
0.124074
0.124518
0.124966
0.125419
0.125875
0.126335
0.126799
0.127268
0.12774
0.128217
0.128699
0.129184
0.129675
0.130169
0.130669
0.131173
0.131681
0.132195
0.132713
0.133236
0.133764
0.134297
0.134836
0.135379
0.135927
0.136481
0.137041
0.137605
0.138175
0.138751
0.139333
0.13992
0.140513
0.141111
0.141716
0.142327
0.142944
0.143567
0.144197
0.144833
0.145475
0.146124
0.14678
0.147442
0.148111
0.148787
0.149471
0.150161
0.150858
0.151563
0.152275
0.152995
0.153723
0.154458
0.155201
0.155952
0.156711
0.157478
0.158253
0.159037
0.159829
0.16063
0.16144
0.162259
0.163086
0.163923
0.164769
0.165624
0.166489
0.167363
0.168247
0.169141
0.170046
0.17096
0.171884
0.172819
0.173765
0.174721
0.175689
0.176667
0.177656
0.178657
0.17967
0.180693
0.181729
0.182777
0.183837
0.184909
0.185993
0.187091
0.188201
0.189324
0.19046
0.191609
0.192772
0.193949
0.195139
0.196343
0.197562
0.198795
0.200043
0.201305
0.202583
0.203876
0.205184
0.206507
0.207847
0.209202
0.210574
0.211962
0.213367
0.214788
0.216227
0.217683
0.219156
0.220648
0.222157
0.223684
0.225229
0.226794
0.228377
0.229979
0.231601
0.233242
0.234903
0.236584
0.238285
0.240007
0.24175
0.243513
0.245298
0.247105
0.248933
0.250784
0.252657
0.254552
0.25647
0.258412
0.260377
0.262365
0.264378
0.266415
0.268476
0.270562
0.272673
0.274809
0.276972
0.27916
0.281374
0.283614
0.285882
0.288176
0.290498
0.292848
0.295225
0.297631
0.300065
0.302528
0.305021
0.307542
0.310094
0.312675
0.315287
0.31793
0.320603
0.323308
0.326044
0.328812
0.331612
0.334445
0.337311
0.34021
0.343142
0.346108
0.349108
0.352142
0.355211
0.358315
0.361454
0.364629
0.367839
0.371086
0.374369
0.377689
0.381047
0.384441
0.387874
0.391344
0.394853
0.3984
0.401987
0.405612
0.409277
0.412982
0.416727
0.420512
0.424338
0.428205
0.432114
0.436064
0.440055
0.444089
0.448165
0.452284
0.456445
0.46065
0.464899
0.469191
0.473526
0.477907
0.482331
0.486801
0.491315
0.495874
0.500479
0.50513
0.509826
0.514569
0.519358
0.524193
0.529076
0.534005
0.538982
0.544005
0.549077
0.554196
0.559363
0.564579
0.569842
0.575155
0.580516
0.585925
0.591384
0.596892
0.602449
0.608056
0.613713
0.619419
0.625175
0.630981
0.636837
0.642744
0.648701
0.654709
0.660768
0.666877
0.673038
0.679249
0.685512
0.691826
0.698192
0.704609
0.711078
0.717599
0.724172
0.730797
0.737474
0.744204
0.750986
0.757821
0.76471
0.771651
0.778645
0.785694
0.792795
0.799951
0.807161
0.814426
0.821745
0.829119
0.836548
0.844034
0.851575
0.859172
0.866827
0.874538
0.882307
0.890135
0.898021
0.905966
0.913971
0.922037
0.930164
0.938353
0.946604
0.954919
0.963298
0.971743
0.980253
0.988831
0.997477
1.00619
1.01498
1.02384
1.03277
1.04178
1.05086
1.06002
1.06926
1.07858
1.08798
1.09747
1.10705
1.11671
1.12646
1.13631
1.14626
1.1563
1.16644
1.17669
1.18704
1.1975
1.20807
1.21876
1.22956
1.24049
1.25154
1.26272
1.27403
1.28547
1.29706
1.30878
1.32066
1.33268
1.34486
1.3572
1.3697
1.38237
1.39522
1.40824
1.42144
1.43483
1.44841
1.46218
1.47616
1.49035
1.50474
1.51935
1.53419
1.54925
1.56454
1.58006
1.59583
1.61185
1.62812
1.64464
1.66143
1.67848
1.6958
1.7134
1.73128
1.74944
1.7679
1.78664
1.80568
1.82503
1.84468
1.86463
1.8849
1.90548
1.92637
1.94759
1.96912
1.99098
2.01316
2.03567
2.0585
2.08166
2.10514
2.12895
2.15308
2.17754
2.20231
2.22741
2.25282
2.27854
2.30457
2.3309
2.35754
2.38446
2.41168
2.43917
2.46694
2.49497
2.52326
2.5518
2.58057
2.60958
2.6388
2.66823
2.69785
2.72765
2.75762
2.78774
2.818
2.84839
2.87888
2.90946
2.94012
2.97084
3.00159
3.03237
3.06314
3.0939
3.12462
3.15528
3.18586
3.21634
3.2467
3.27691
3.30695
3.33681
3.36645
3.39585
3.42499
3.45385
3.48241
3.51063
3.53849
3.56598
3.59306
3.61972
3.64593
3.67166
3.69689
3.7216
3.74577
3.76937
3.79238
3.81477
3.83654
3.85765
3.87808
3.89782
3.91684
3.93513
3.95266
3.96942
3.98539
4.00056
4.01491
4.02842
4.04108
4.05288
4.06381
4.07385
4.08299
4.09123
4.09855
4.10494
4.11041
4.11494
4.11854
4.12118
4.12289
4.12364
