2048 1 1
2.00023e-10 2.30966e-10 3.26636e-10
12
11.9988
11.9949
11.9884
11.9793
11.9677
11.9535
11.9367
11.9174
11.8956
11.8712
11.8443
11.8149
11.7831
11.7488
11.7121
11.6729
11.6314
11.5875
11.5413
11.4928
11.4421
11.3891
11.3339
11.2765
11.217
11.1554
11.0918
11.0261
10.9585
10.8889
10.8174
10.7441
10.6689
10.5921
10.5134
10.4332
10.3513
10.2678
10.1828
10.0963
10.0084
9.9191
9.82848
9.7366
9.64349
9.54921
9.45381
9.35734
9.25986
9.16141
9.06205
8.96184
8.86082
8.75904
8.65657
8.55345
8.44973
8.34547
8.24071
8.13552
8.02993
7.924
7.81778
7.71132
7.60466
7.49786
7.39097
7.28403
7.17708
7.07018
6.96336
6.85668
6.75018
6.64389
6.53787
6.43215
6.32677
6.22178
6.11721
6.01309
5.90947
5.80639
5.70387
5.60195
5.50066
5.40004
5.30012
5.20092
5.10247
5.00481
4.90796
4.81194
4.71678
4.62251
4.52914
4.4367
4.34521
4.25469
4.16515
4.07662
3.9891
3.90263
3.8172
3.73284
3.64955
3.56735
3.48625
3.40626
3.32738
3.24963
3.17302
3.09753
3.0232
2.95
2.87796
2.80707
2.73734
2.66876
2.60134
2.53508
2.46997
2.40601
2.3432
2.28154
2.22102
2.16164
2.1034
2.04628
1.99028
1.9354
1.88162
1.82895
1.77736
1.72686
1.67743
1.62906
1.58174
1.53547
1.49023
1.44601
1.4028
1.36059
1.31936
1.27911
1.23981
1.20147
1.16406
1.12756
1.09198
1.05729
1.02349
0.990548
0.958461
0.927214
0.896791
0.86718
0.838365
0.810333
0.783068
0.756558
0.730788
0.705742
0.681409
0.657772
0.634817
0.612532
0.590901
0.569911
0.549549
0.529799
0.510648
0.492084
0.474092
0.45666
0.439773
0.423419
0.407586
0.39226
0.377429
0.36308
0.349201
0.33578
0.322805
0.310265
0.298147
0.286441
0.275135
0.264218
0.25368
0.243509
0.233696
0.224229
0.2151
0.206298
0.197813
0.189636
0.181758
0.17417
0.166863
0.159827
0.153055
0.146539
0.140269
0.134239
0.12844
0.122866
0.117508
0.112359
0.107413
0.102662
0.0980999
0.0937206
0.0895174
0.0854842
0.0816152
0.0779044
0.0743463
0.0709354
0.0676664
0.064534
0.0615334
0.0586597
0.055908
0.053274
0.0507531
0.048341
0.0460336
0.0438269
0.041717
0.0397001
0.0377725
0.0359308
0.0341715
0.0324913
0.030887
0.0293557
0.0278942
0.0264997
0.0251696
0.023901
0.0226915
0.0215385
0.0204397
0.0193928
0.0183955
0.0174458
0.0165415
0.0156807
0.0148614
0.014082
0.0133405
0.0126354
0.0119649
0.0113276
0.0107219
0.0101464
0.00959969
0.0090805
0.00858753
0.00811958
0.00767546
0.00725407
0.00685434
0.00647523
0.00611578
0.00577503
0.00545208
0.00514609
0.00485622
0.00458169
0.00432174
0.00407566
0.00384277
0.0036224
0.00341393
0.00321676
0.00303033
0.00285409
0.00268751
0.00253011
0.00238142
0.00224098
0.00210836
0.00198317
0.00186501
0.0017535
0.00164831
0.0015491
0.00145554
0.00136734
0.0012842
0.00120586
0.00113206
0.00106254
0.000997075
0.000935442
0.000877429
0.000822837
0.000771474
0.000723161
0.000677728
0.000635012
0.000594859
0.000557126
0.000521673
0.00048837
0.000457095
0.000427731
0.000400166
0.000374297
0.000350025
0.000327256
0.000305902
0.00028588
0.00026711
0.000249519
0.000233036
0.000217595
0.000203134
0.000189592
0.000176915
0.00016505
0.000153948
0.000143561
0.000133846
0.000124762
0.000116269
0.000108331
0.000100913
9.39823e-05
8.75091e-05
8.14641e-05
7.58203e-05
7.05523e-05
6.56361e-05
6.10493e-05
5.67708e-05
5.27807e-05
4.90605e-05
4.55926e-05
4.23607e-05
3.93495e-05
3.65444e-05
3.39319e-05
3.14994e-05
2.92349e-05
2.71274e-05
2.51664e-05
2.33421e-05
2.16454e-05
2.00677e-05
1.86009e-05
1.72376e-05
1.59708e-05
1.47939e-05
1.37008e-05
1.26857e-05
1.17433e-05
1.08685e-05
1.00568e-05
9.30362e-06
8.60501e-06
7.95715e-06
7.35647e-06
6.79967e-06
6.28366e-06
5.80555e-06
5.36267e-06
4.95249e-06
4.57271e-06
4.22114e-06
3.89575e-06
3.59467e-06
3.31615e-06
3.05854e-06
2.82034e-06
2.60013e-06
2.39659e-06
2.20851e-06
2.03475e-06
1.87426e-06
1.72605e-06
1.58922e-06
1.46292e-06
1.34637e-06
1.23883e-06
1.13964e-06
1.04816e-06
9.63823e-07
8.86077e-07
8.14426e-07
7.48407e-07
6.87592e-07
6.31582e-07
5.80009e-07
5.32532e-07
4.88836e-07
4.48629e-07
4.1164e-07
3.77619e-07
3.46335e-07
3.17574e-07
2.91139e-07
2.66846e-07
2.44528e-07
2.24028e-07
2.05202e-07
1.87918e-07
1.72052e-07
1.57492e-07
1.44133e-07
1.31878e-07
1.2064e-07
1.10335e-07
1.00889e-07
9.22316e-08
8.42989e-08
7.70318e-08
7.0376e-08
6.42814e-08
5.87019e-08
5.35952e-08
4.89221e-08
4.46468e-08
4.07364e-08
3.71604e-08
3.3891e-08
3.09026e-08
2.81716e-08
2.56764e-08
2.33972e-08
2.13157e-08
1.94152e-08
1.76803e-08
1.60969e-08
1.46522e-08
1.33343e-08
1.21323e-08
1.10362e-08
1.00371e-08
9.12637e-09
8.29651e-09
7.54049e-09
6.85188e-09
6.22481e-09
5.6539e-09
5.13425e-09
4.66135e-09
4.2311e-09
3.83973e-09
3.48381e-09
3.1602e-09
2.86603e-09
2.59868e-09
2.35576e-09
2.13509e-09
1.93467e-09
1.75269e-09
1.58748e-09
1.43753e-09
1.30147e-09
1.17803e-09
1.06607e-09
9.64536e-10
8.72487e-10
7.89054e-10
7.13444e-10
6.44939e-10
5.82888e-10
5.26691e-10
4.7581e-10
4.29754e-10
3.8807e-10
3.50352e-10
3.16236e-10
2.85377e-10
2.57474e-10
2.32252e-10
2.09451e-10
1.8885e-10
1.7024e-10
1.53428e-10
1.38247e-10
1.24544e-10
1.12171e-10
1.01007e-10
9.09375e-11
8.18496e-11
7.36556e-11
6.62697e-11
5.96092e-11
5.36065e-11
4.81991e-11
4.33253e-11
3.89394e-11
3.4988e-11
3.14297e-11
2.82306e-11
2.53496e-11
2.27558e-11
2.04272e-11
1.83312e-11
1.64435e-11
1.47519e-11
1.32301e-11
1.18596e-11
1.06319e-11
9.52927e-12
8.53628e-12
7.6501e-12
6.85063e-12
6.13221e-12
5.49283e-12
4.91618e-12
4.39704e-12
3.93652e-12
3.51963e-12
3.14626e-12
2.81586e-12
2.5151e-12
2.24809e-12
2.01106e-12
1.79445e-12
1.60261e-12
1.4333e-12
1.2782e-12
1.14075e-12
1.01819e-12
9.08162e-13
8.10241e-13
7.22533e-13
6.43707e-13
5.74207e-13
5.11702e-13
4.54969e-13
4.07119e-13
3.60267e-13
3.22076e-13
2.88103e-13
2.53575e-13
2.27596e-13
2.04392e-13
1.78413e-13
1.5965e-13
1.43552e-13
1.2701e-13
1.12133e-13
1.01141e-13
8.83738e-14
7.89369e-14
7.17204e-14
6.25056e-14
5.54001e-14
5.08482e-14
4.40759e-14
3.85247e-14
3.4861e-14
3.14193e-14
2.76446e-14
2.45359e-14
2.0095e-14
1.96509e-14
1.70974e-14
1.44329e-14
1.37668e-14
1.21014e-14
9.54792e-15
1.11022e-14
8.32667e-15
6.88338e-15
7.43849e-15
5.77316e-15
4.44089e-15
5.66214e-15
5.44009e-15
3.77476e-15
5.10703e-15
5.10703e-15
3.66374e-15
5.55112e-15
3.88578e-15
2.88658e-15
3.88578e-15
3.44169e-15
2.66454e-15
1.11022e-15
2.44249e-15
1.55431e-15
4.44089e-16
-2.22045e-16
2.10942e-15
6.66134e-16
7.77156e-16
9.99201e-16
3.33067e-16
-2.22045e-16
6.66134e-16
7.77156e-16
-2.22045e-16
3.33067e-16
1.55431e-15
-1.11022e-15
4.44089e-16
1.55431e-15
-6.66134e-16
1.77636e-15
1.55431e-15
-8.88178e-16
2.10942e-15
1.11022e-15
-6.66134e-16
1.77636e-15
1.22125e-15
-4.44089e-16
2.22045e-15
1.33227e-15
1.55431e-15
1.33227e-15
1.22125e-15
-4.44089e-16
0
8.88178e-16
0
-1.11022e-15
7.77156e-16
5.55112e-16
-6.66134e-16
-8.88178e-16
-4.44089e-16
-8.88178e-16
-1.33227e-15
3.33067e-16
-6.66134e-16
-1.55431e-15
4.44089e-16
-6.66134e-16
-1.11022e-15
6.66134e-16
8.88178e-16
-1.11022e-15
1.11022e-16
4.44089e-16
-1.77636e-15
-2.22045e-16
5.55112e-16
-1.77636e-15
-6.66134e-16
6.66134e-16
-1.9984e-15
-6.66134e-16
2.22045e-16
-1.33227e-15
-2.22045e-16
-1.55431e-15
-1.11022e-15
4.44089e-16
-1.11022e-15
-1.11022e-15
-2.22045e-16
-1.55431e-15
-1.11022e-15
-2.22045e-16
-1.11022e-15
-1.11022e-15
2.22045e-16
-1.33227e-15
-1.77636e-15
-2.22045e-16
-8.88178e-16
-1.55431e-15
-2.22045e-16
-1.55431e-15
-1.77636e-15
-1.11022e-15
-1.33227e-15
-1.9984e-15
-1.11022e-15
-1.77636e-15
-2.44249e-15
-6.66134e-16
-1.11022e-15
-2.44249e-15
-2.22045e-16
-2.22045e-15
-1.77636e-15
-8.88178e-16
-6.66134e-16
-2.44249e-15
-6.66134e-16
-1.9984e-15
-1.9984e-15
1.11022e-16
-1.55431e-15
-1.9984e-15
-1.33227e-15
-1.77636e-15
-1.9984e-15
-4.44089e-16
-8.88178e-16
-2.22045e-15
1.11022e-16
-2.22045e-15
-2.66454e-15
-2.22045e-16
-8.88178e-16
-2.44249e-15
-2.22045e-16
-2.44249e-15
-3.10862e-15
4.44089e-16
-3.10862e-15
-2.44249e-15
4.44089e-16
-3.55271e-15
-2.22045e-15
1.11022e-16
-2.88658e-15
-1.9984e-15
5.55112e-16
-2.22045e-15
-6.66134e-16
-6.66134e-16
-3.55271e-15
-2.66454e-15
-8.88178e-16
-3.55271e-15
1.11022e-15
-1.55431e-15
2.22045e-16
7.77156e-16
-2.44249e-15
0
-1.33227e-15
-1.77636e-15
5.55112e-16
-4.44089e-16
-2.22045e-15
-2.22045e-16
-1.33227e-15
-2.66454e-15
1.11022e-16
-1.33227e-15
-2.66454e-15
1.33227e-15
-1.55431e-15
-1.9984e-15
1.9984e-15
5.55112e-16
-2.22045e-15
1.22125e-15
-8.88178e-16
-1.77636e-15
1.11022e-15
6.66134e-16
-8.88178e-16
1.55431e-15
-1.11022e-15
-1.33227e-15
9.99201e-16
7.77156e-16
-8.88178e-16
1.33227e-15
-2.22045e-16
-4.44089e-16
1.11022e-15
-3.33067e-15
-6.66134e-16
1.77636e-15
-2.44249e-15
-6.66134e-16
8.88178e-16
-2.88658e-15
2.22045e-16
1.55431e-15
-2.88658e-15
-2.22045e-16
-2.22045e-16
-2.66454e-15
-6.66134e-16
-6.66134e-16
-2.88658e-15
-8.88178e-16
0
-1.77636e-15
-2.22045e-16
0
-2.22045e-15
4.44089e-16
-4.44089e-16
-2.22045e-15
2.33147e-15
3.33067e-16
-2.22045e-15
2.9976e-15
2.22045e-16
-2.66454e-15
2.66454e-15
-4.44089e-16
-2.44249e-15
2.88658e-15
1.11022e-16
2.22045e-16
1.77636e-15
2.22045e-16
1.11022e-16
1.88738e-15
2.22045e-16
0
2.22045e-15
3.33067e-16
2.22045e-16
-4.44089e-16
-4.44089e-16
3.33067e-16
4.44089e-16
3.33067e-16
5.55112e-16
-2.22045e-16
3.33067e-16
3.33067e-16
7.77156e-16
7.77156e-16
9.99201e-16
-1.11022e-15
1.11022e-15
4.44089e-16
-1.11022e-15
1.44329e-15
9.99201e-16
-2.22045e-16
2.22045e-16
8.88178e-16
-1.33227e-15
3.33067e-16
8.88178e-16
-1.11022e-15
1.22125e-15
6.66134e-16
-4.44089e-16
1.11022e-15
1.33227e-15
-4.44089e-16
7.77156e-16
4.44089e-16
1.11022e-16
1.22125e-15
2.22045e-16
-4.44089e-16
8.88178e-16
0
-2.22045e-16
-2.22045e-16
1.11022e-16
5.55112e-16
1.11022e-15
4.44089e-16
3.33067e-16
5.55112e-16
7.77156e-16
-6.66134e-16
1.11022e-16
0
-4.44089e-16
-6.66134e-16
-2.22045e-16
-1.11022e-15
0
7.77156e-16
1.11022e-16
-1.11022e-15
-6.66134e-16
1.11022e-16
-2.22045e-16
4.44089e-16
0
0
1.11022e-16
-4.44089e-16
-1.11022e-15
-6.66134e-16
-2.22045e-16
-2.22045e-16
0
2.22045e-16
2.22045e-16
-6.66134e-16
-4.44089e-16
-8.88178e-16
-4.44089e-16
0
7.77156e-16
-2.22045e-16
4.44089e-16
-4.44089e-16
2.22045e-16
5.55112e-16
9.99201e-16
2.22045e-16
3.33067e-16
1.66533e-15
1.33227e-15
5.55112e-16
2.22045e-15
-8.88178e-16
5.55112e-16
1.9984e-15
-4.44089e-16
3.33067e-16
1.22125e-15
-6.66134e-16
0
1.9984e-15
-8.88178e-16
8.88178e-16
-6.66134e-16
-6.66134e-16
2.22045e-16
0
-4.44089e-16
3.33067e-16
-1.11022e-15
-8.88178e-16
1.11022e-16
-4.44089e-16
-1.33227e-15
7.77156e-16
-8.88178e-16
-6.66134e-16
8.88178e-16
-2.22045e-16
-6.66134e-16
1.33227e-15
-2.22045e-16
-8.88178e-16
1.22125e-15
-4.44089e-16
-6.66134e-16
1.44329e-15
1.11022e-16
1.22125e-15
9.99201e-16
-2.22045e-16
-6.66134e-16
1.77636e-15
-6.66134e-16
2.22045e-15
1.88738e-15
1.11022e-16
6.66134e-16
1.44329e-15
1.11022e-15
2.10942e-15
1.9984e-15
3.33067e-16
-2.22045e-16
9.99201e-16
1.22125e-15
1.66533e-15
1.55431e-15
2.22045e-16
1.11022e-16
2.33147e-15
1.11022e-16
1.55431e-15
1.77636e-15
1.11022e-16
-2.22045e-16
1.44329e-15
5.55112e-16
1.44329e-15
1.66533e-15
-6.66134e-16
2.22045e-15
2.66454e-15
1.11022e-15
1.9984e-15
1.55431e-15
4.44089e-16
1.44329e-15
1.55431e-15
8.88178e-16
1.11022e-15
-2.22045e-16
8.88178e-16
-2.22045e-16
1.11022e-16
3.33067e-16
-6.66134e-16
-2.22045e-16
1.55431e-15
5.55112e-16
1.11022e-16
9.99201e-16
-1.11022e-15
-6.66134e-16
1.77636e-15
-1.77636e-15
8.88178e-16
5.55112e-16
-4.44089e-16
1.11022e-16
1.44329e-15
-8.88178e-16
-8.88178e-16
6.66134e-16
-4.44089e-16
8.88178e-16
2.22045e-16
-2.22045e-16
-4.44089e-16
-4.44089e-16
5.55112e-16
2.22045e-16
2.22045e-16
-8.88178e-16
0
6.66134e-16
-2.22045e-16
0
-4.44089e-16
1.11022e-16
-4.44089e-16
3.33067e-16
3.33067e-16
-2.22045e-16
1.11022e-16
-2.22045e-16
0
-6.66134e-16
-4.44089e-16
-2.22045e-16
-1.11022e-15
-2.22045e-16
2.22045e-16
-2.22045e-16
-2.22045e-16
-1.11022e-15
-1.55431e-15
-2.22045e-16
-4.44089e-16
-1.33227e-15
-1.11022e-15
-1.11022e-15
-1.55431e-15
-1.11022e-15
-6.66134e-16
-1.33227e-15
-4.44089e-16
-4.44089e-16
-1.9984e-15
-2.22045e-16
-1.9984e-15
-1.11022e-15
-1.11022e-15
-6.66134e-16
1.22125e-15
-1.55431e-15
-2.22045e-15
-2.22045e-16
-1.11022e-15
-1.33227e-15
4.44089e-16
1.11022e-16
-1.55431e-15
-1.11022e-15
-8.88178e-16
3.33067e-16
1.11022e-16
-1.11022e-15
0
-4.44089e-16
-6.66134e-16
-1.11022e-15
-1.11022e-15
-1.11022e-15
-2.22045e-16
-4.44089e-16
-1.55431e-15
-8.88178e-16
-6.66134e-16
-1.55431e-15
-6.66134e-16
-6.66134e-16
-2.22045e-15
-1.55431e-15
-8.88178e-16
-1.55431e-15
-1.11022e-15
-1.77636e-15
-1.77636e-15
-1.11022e-15
-2.22045e-15
-1.9984e-15
-1.33227e-15
-1.77636e-15
-1.9984e-15
-1.9984e-15
-1.55431e-15
-2.44249e-15
-1.11022e-15
-1.55431e-15
-2.44249e-15
2.22045e-16
-1.77636e-15
-1.33227e-15
-4.44089e-16
-1.77636e-15
-1.55431e-15
-2.22045e-16
-1.9984e-15
7.77156e-16
5.55112e-16
-1.77636e-15
1.77636e-15
6.66134e-16
-1.55431e-15
6.66134e-16
1.11022e-16
-1.11022e-15
6.66134e-16
-2.22045e-16
1.22125e-15
8.88178e-16
3.33067e-16
-2.22045e-16
3.33067e-16
-4.44089e-16
8.88178e-16
9.99201e-16
-4.44089e-16
8.88178e-16
8.88178e-16
-2.22045e-16
-2.22045e-16
8.88178e-16
1.22125e-15
-2.22045e-16
5.55112e-16
1.22125e-15
5.55112e-16
6.66134e-16
2.77556e-15
5.55112e-16
1.11022e-15
9.99201e-16
1.11022e-16
1.44329e-15
2.10942e-15
-2.22045e-16
-1.9984e-15
2.10942e-15
-1.9984e-15
1.44329e-15
-2.22045e-16
-2.88658e-15
-1.33227e-15
5.55112e-16
-6.66134e-16
-6.66134e-16
-1.55431e-15
6.66134e-16
0
0
-2.22045e-16
-2.22045e-16
-6.66134e-16
1.11022e-16
0
-2.22045e-16
1.11022e-16
4.44089e-16
-2.22045e-16
6.66134e-16
-4.44089e-16
-8.88178e-16
-8.88178e-16
-2.22045e-16
-6.66134e-16
-6.66134e-16
3.33067e-16
-1.55431e-15
-4.44089e-16
-1.77636e-15
-2.22045e-16
6.66134e-16
4.44089e-16
-1.9984e-15
-4.44089e-16
-1.9984e-15
-2.22045e-15
1.11022e-15
1.11022e-16
-2.88658e-15
-1.11022e-15
-2.22045e-15
1.11022e-15
-2.22045e-16
0
-2.44249e-15
-1.11022e-15
-1.9984e-15
3.33067e-16
-1.77636e-15
-8.88178e-16
-1.9984e-15
-2.22045e-16
-1.77636e-15
1.11022e-15
-4.44089e-16
0
-2.88658e-15
2.22045e-16
-2.66454e-15
-2.22045e-16
-1.33227e-15
-1.11022e-15
-1.77636e-15
3.33067e-16
-1.77636e-15
2.22045e-16
-4.44089e-16
-1.33227e-15
-1.77636e-15
7.77156e-16
-2.44249e-15
-8.88178e-16
-8.88178e-16
-2.22045e-15
-1.55431e-15
5.55112e-16
-2.66454e-15
-2.22045e-16
1.11022e-16
-2.88658e-15
-1.55431e-15
2.22045e-16
-8.88178e-16
1.55431e-15
-2.22045e-16
-4.44089e-16
5.55112e-16
-3.10862e-15
-1.77636e-15
1.11022e-15
-2.88658e-15
-1.55431e-15
4.44089e-16
-3.9968e-15
-8.88178e-16
1.77636e-15
-2.44249e-15
-1.9984e-15
7.77156e-16
-3.77476e-15
-4.44089e-16
-2.22045e-15
-3.33067e-15
-2.44249e-15
-4.44089e-16
-3.33067e-15
-1.33227e-15
-1.9984e-15
-3.33067e-15
-1.77636e-15
-2.22045e-16
-3.33067e-15
-6.66134e-16
-1.55431e-15
-3.33067e-15
-1.55431e-15
-8.88178e-16
-3.77476e-15
-6.66134e-16
-1.77636e-15
-3.33067e-15
-1.9984e-15
1.11022e-16
1.9984e-15
-2.22045e-16
-6.66134e-16
7.77156e-16
-1.11022e-15
1.33227e-15
2.33147e-15
1.11022e-16
-2.22045e-16
1.66533e-15
-6.66134e-16
0
2.33147e-15
6.66134e-16
-2.22045e-16
1.33227e-15
-8.88178e-16
1.11022e-16
2.44249e-15
5.55112e-16
-2.22045e-16
1.66533e-15
0
1.33227e-15
2.77556e-15
-1.11022e-15
6.66134e-16
-2.88658e-15
-4.44089e-16
-4.44089e-16
-2.88658e-15
2.10942e-15
1.22125e-15
-2.22045e-15
-6.66134e-16
2.66454e-15
-3.10862e-15
2.66454e-15
9.99201e-16
-1.55431e-15
4.44089e-16
2.22045e-16
-2.66454e-15
3.44169e-15
1.66533e-15
-1.55431e-15
1.11022e-16
5.55112e-15
-1.77636e-15
2.88658e-15
4.10783e-15
-8.88178e-16
-4.44089e-16
6.21725e-15
-1.55431e-15
4.44089e-15
5.32907e-15
-4.44089e-16
9.99201e-16
5.55112e-15
-1.55431e-15
3.88578e-15
4.44089e-15
-4.44089e-16
8.88178e-16
4.996e-15
3.33067e-16
4.55191e-15
5.32907e-15
2.9976e-15
9.99201e-16
4.66294e-15
1.11022e-15
4.996e-15
4.32987e-15
3.10862e-15
7.77156e-16
4.55191e-15
4.32987e-15
4.10783e-15
4.77396e-15
2.77556e-15
8.88178e-16
3.55271e-15
2.44249e-15
4.66294e-15
4.32987e-15
2.33147e-15
1.55431e-15
3.77476e-15
3.33067e-15
4.88498e-15
3.9968e-15
3.10862e-15
1.88738e-15
2.9976e-15
2.77556e-15
2.66454e-15
3.44169e-15
2.66454e-15
1.88738e-15
2.44249e-15
2.66454e-15
2.9976e-15
3.66374e-15
2.44249e-15
1.88738e-15
1.11022e-15
3.33067e-15
3.77476e-15
2.44249e-15
2.44249e-15
2.10942e-15
7.77156e-16
7.77156e-16
3.21965e-15
4.10783e-15
2.10942e-15
2.22045e-15
-4.44089e-16
2.66454e-15
3.55271e-15
3.77476e-15
1.55431e-15
2.10942e-15
-6.66134e-16
4.44089e-16
2.66454e-15
3.55271e-15
9.99201e-16
2.22045e-15
-2.22045e-16
1.88738e-15
2.9976e-15
2.44249e-15
1.33227e-15
2.66454e-15
-8.88178e-16
-1.55431e-15
3.10862e-15
2.22045e-15
-1.11022e-15
1.77636e-15
-1.55431e-15
-2.66454e-15
2.22045e-15
1.77636e-15
-1.55431e-15
2.55351e-15
-1.55431e-15
-2.88658e-15
2.22045e-15
1.9984e-15
-2.88658e-15
3.10862e-15
-1.77636e-15
-3.77476e-15
2.22045e-15
1.11022e-15
-2.88658e-15
2.10942e-15
-1.55431e-15
-3.77476e-15
4.44089e-16
5.55112e-16
-3.55271e-15
-8.88178e-16
-1.9984e-15
-2.22045e-15
-1.9984e-15
2.22045e-16
-3.77476e-15
-8.88178e-16
1.88738e-15
-3.9968e-15
9.99201e-16
2.33147e-15
4.44089e-16
-2.22045e-16
1.44329e-15
-1.11022e-15
-3.77476e-15
2.44249e-15
-6.66134e-16
-2.88658e-15
-2.22045e-16
-4.44089e-16
-2.66454e-15
-4.44089e-16
3.33067e-16
-2.66454e-15
1.33227e-15
1.44329e-15
-1.33227e-15
3.33067e-15
2.44249e-15
3.33067e-16
3.9968e-15
5.66214e-15
3.10862e-15
6.55032e-15
6.88338e-15
5.32907e-15
1.03251e-14
1.33227e-14
1.11022e-14
1.55431e-14
1.9873e-14
1.67644e-14
2.29816e-14
2.83107e-14
2.63123e-14
3.4861e-14
3.87468e-14
3.91909e-14
4.77396e-14
5.80647e-14
6.02851e-14
6.61693e-14
7.84928e-14
8.37108e-14
9.82547e-14
1.14575e-13
1.25233e-13
1.43774e-13
1.5854e-13
1.75304e-13
2.01061e-13
2.29594e-13
2.53353e-13
2.82108e-13
3.21188e-13
3.57159e-13
4.04898e-13
4.58522e-13
5.13922e-13
5.77094e-13
6.42819e-13
7.17648e-13
8.08908e-13
9.09495e-13
1.01974e-12
1.13476e-12
1.27665e-12
1.42575e-12
1.60172e-12
1.79645e-12
2.01239e-12
2.25131e-12
2.51466e-12
2.80942e-12
3.14759e-12
3.52207e-12
3.93829e-12
4.39748e-12
4.9144e-12
5.48661e-12
6.13021e-12
6.85196e-12
7.65144e-12
8.53673e-12
9.52771e-12
1.06271e-11
1.18581e-11
1.32301e-11
1.47539e-11
1.6444e-11
1.83283e-11
2.0421e-11
2.27534e-11
2.53503e-11
2.82324e-11
3.14293e-11
3.49862e-11
3.89336e-11
4.33222e-11
4.81969e-11
5.36087e-11
5.96068e-11
6.62701e-11
7.36503e-11
8.18456e-11
9.09341e-11
1.01011e-10
1.1217e-10
1.24538e-10
1.38242e-10
1.53424e-10
1.70237e-10
1.88852e-10
2.0945e-10
2.32251e-10
2.57469e-10
2.85372e-10
3.16232e-10
3.50355e-10
3.88067e-10
4.29749e-10
4.75805e-10
5.26688e-10
5.82886e-10
6.44939e-10
7.1344e-10
7.89051e-10
8.72486e-10
9.6453e-10
1.06606e-09
1.17803e-09
1.30146e-09
1.43753e-09
1.58748e-09
1.75268e-09
1.93467e-09
2.13509e-09
2.35576e-09
2.59868e-09
2.86602e-09
3.16019e-09
3.48381e-09
3.83973e-09
4.2311e-09
4.66135e-09
5.13425e-09
5.6539e-09
6.2248e-09
6.85187e-09
7.54049e-09
8.29651e-09
9.12636e-09
1.00371e-08
1.10362e-08
1.21323e-08
1.33343e-08
1.46522e-08
1.60969e-08
1.76803e-08
1.94152e-08
2.13157e-08
2.33972e-08
2.56764e-08
2.81716e-08
3.09026e-08
3.3891e-08
3.71604e-08
4.07364e-08
4.46468e-08
4.89221e-08
5.35951e-08
5.87019e-08
6.42814e-08
7.0376e-08
7.70318e-08
8.42989e-08
9.22316e-08
1.00889e-07
1.10335e-07
1.2064e-07
1.31878e-07
1.44133e-07
1.57492e-07
1.72052e-07
1.87918e-07
2.05202e-07
2.24028e-07
2.44528e-07
2.66846e-07
2.91139e-07
3.17574e-07
3.46335e-07
3.77619e-07
4.1164e-07
4.48629e-07
4.88836e-07
5.32532e-07
5.80009e-07
6.31582e-07
6.87592e-07
7.48407e-07
8.14426e-07
8.86077e-07
9.63823e-07
1.04816e-06
1.13964e-06
1.23883e-06
1.34637e-06
1.46292e-06
1.58922e-06
1.72605e-06
1.87426e-06
2.03475e-06
2.20851e-06
2.39659e-06
2.60013e-06
2.82034e-06
3.05854e-06
3.31615e-06
3.59467e-06
3.89575e-06
4.22114e-06
4.57271e-06
4.95249e-06
5.36267e-06
5.80555e-06
6.28366e-06
6.79967e-06
7.35647e-06
7.95715e-06
8.60501e-06
9.30362e-06
1.00568e-05
1.08685e-05
1.17433e-05
1.26857e-05
1.37008e-05
1.47939e-05
1.59708e-05
1.72376e-05
1.86009e-05
2.00677e-05
2.16454e-05
2.33421e-05
2.51664e-05
2.71274e-05
2.92349e-05
3.14994e-05
3.39319e-05
3.65444e-05
3.93495e-05
4.23607e-05
4.55926e-05
4.90605e-05
5.27807e-05
5.67708e-05
6.10493e-05
6.56361e-05
7.05523e-05
7.58203e-05
8.14641e-05
8.75091e-05
9.39823e-05
0.000100913
0.000108331
0.000116269
0.000124762
0.000133846
0.000143561
0.000153948
0.00016505
0.000176915
0.000189592
0.000203134
0.000217595
0.000233036
0.000249519
0.00026711
0.00028588
0.000305902
0.000327256
0.000350025
0.000374297
0.000400166
0.000427731
0.000457095
0.00048837
0.000521673
0.000557126
0.000594859
0.000635012
0.000677728
0.000723161
0.000771474
0.000822837
0.000877429
0.000935442
0.000997075
0.00106254
0.00113206
0.00120586
0.0012842
0.00136734
0.00145554
0.0015491
0.00164831
0.0017535
0.00186501
0.00198317
0.00210836
0.00224098
0.00238142
0.00253011
0.00268751
0.00285409
0.00303033
0.00321676
0.00341393
0.0036224
0.00384277
0.00407566
0.00432174
0.00458169
0.00485622
0.00514609
0.00545208
0.00577503
0.00611578
0.00647523
0.00685434
0.00725407
0.00767546
0.00811958
0.00858753
0.0090805
0.00959969
0.0101464
0.0107219
0.0113276
0.0119649
0.0126354
0.0133405
0.014082
0.0148614
0.0156807
0.0165415
0.0174458
0.0183955
0.0193928
0.0204397
0.0215385
0.0226915
0.023901
0.0251696
0.0264997
0.0278942
0.0293557
0.030887
0.0324913
0.0341715
0.0359308
0.0377725
0.0397001
0.041717
0.0438269
0.0460336
0.048341
0.0507531
0.053274
0.055908
0.0586597
0.0615334
0.064534
0.0676664
0.0709354
0.0743463
0.0779044
0.0816152
0.0854842
0.0895174
0.0937206
0.0980999
0.102662
0.107413
0.112359
0.117508
0.122866
0.12844
0.134239
0.140269
0.146539
0.153055
0.159827
0.166863
0.17417
0.181758
0.189636
0.197813
0.206298
0.2151
0.224229
0.233696
0.243509
0.25368
0.264218
0.275135
0.286441
0.298147
0.310265
0.322805
0.33578
0.349201
0.36308
0.377429
0.39226
0.407586
0.423419
0.439773
0.45666
0.474092
0.492084
0.510648
0.529799
0.549549
0.569911
0.590901
0.612532
0.634817
0.657772
0.681409
0.705742
0.730788
0.756558
0.783068
0.810333
0.838365
0.86718
0.896791
0.927214
0.958461
0.990548
1.02349
1.05729
1.09198
1.12756
1.16406
1.20147
1.23981
1.27911
1.31936
1.36059
1.4028
1.44601
1.49023
1.53547
1.58174
1.62906
1.67743
1.72686
1.77736
1.82895
1.88162
1.9354
1.99028
2.04628
2.1034
2.16164
2.22102
2.28154
2.3432
2.40601
2.46997
2.53508
2.60134
2.66876
2.73734
2.80707
2.87796
2.95
3.0232
3.09753
3.17302
3.24963
3.32738
3.40626
3.48625
3.56735
3.64955
3.73284
3.8172
3.90263
3.9891
4.07662
4.16515
4.25469
4.34521
4.4367
4.52914
4.62251
4.71678
4.81194
4.90796
5.00481
5.10247
5.20092
5.30012
5.40004
5.50066
5.60195
5.70387
5.80639
5.90947
6.01309
6.11721
6.22178
6.32677
6.43215
6.53787
6.64389
6.75018
6.85668
6.96336
7.07018
7.17708
7.28403
7.39097
7.49786
7.60466
7.71132
7.81778
7.924
8.02993
8.13552
8.24071
8.34547
8.44973
8.55345
8.65657
8.75904
8.86082
8.96184
9.06205
9.16141
9.25986
9.35734
9.45381
9.54921
9.64349
9.7366
9.82848
9.9191
10.0084
10.0963
10.1828
10.2678
10.3513
10.4332
10.5134
10.5921
10.6689
10.7441
10.8174
10.8889
10.9585
11.0261
11.0918
11.1554
11.217
11.2765
11.3339
11.3891
11.4421
11.4928
11.5413
11.5875
11.6314
11.6729
11.7121
11.7488
11.7831
11.8149
11.8443
11.8712
11.8956
11.9174
11.9367
11.9535
11.9677
11.9793
11.9884
11.9949
11.9988
12
