2048 1 1
2.00023e-10 2.30966e-10 3.26636e-10
4.96609
4.96587
4.96522
4.96413
4.9626
4.96064
4.95825
4.95542
4.95216
4.94848
4.94436
4.93981
4.93484
4.92945
4.92363
4.9174
4.91075
4.90369
4.89621
4.88833
4.88004
4.87136
4.86227
4.85279
4.84292
4.83267
4.82203
4.81101
4.79962
4.78787
4.77574
4.76326
4.75042
4.73723
4.7237
4.70983
4.69562
4.68108
4.66623
4.65105
4.63556
4.61976
4.60367
4.58728
4.5706
4.55364
4.5364
4.5189
4.50113
4.4831
4.46483
4.44631
4.42755
4.40856
4.38934
4.36991
4.35027
4.33042
4.31038
4.29014
4.26972
4.24913
4.22836
4.20743
4.18634
4.1651
4.14371
4.12219
4.10054
4.07877
4.05688
4.03488
4.01277
3.99057
3.96827
3.94589
3.92344
3.90091
3.87831
3.85566
3.83295
3.8102
3.7874
3.76457
3.74171
3.71883
3.69593
3.67302
3.6501
3.62718
3.60427
3.58137
3.55848
3.53561
3.51277
3.48995
3.46718
3.44444
3.42175
3.3991
3.37651
3.35398
3.33151
3.30911
3.28678
3.26452
3.24234
3.22024
3.19823
3.17631
3.15448
3.13275
3.11112
3.08958
3.06816
3.04684
3.02563
3.00454
2.98357
2.96271
2.94197
2.92136
2.90087
2.88051
2.86028
2.84018
2.82022
2.80039
2.78069
2.76114
2.74172
2.72244
2.70331
2.68432
2.66547
2.64676
2.62821
2.60979
2.59153
2.57341
2.55544
2.53762
2.51995
2.50243
2.48505
2.46783
2.45075
2.43383
2.41705
2.40042
2.38394
2.36761
2.35143
2.33539
2.31951
2.30377
2.28817
2.27272
2.25742
2.24226
2.22724
2.21237
2.19764
2.18304
2.16859
2.15428
2.1401
2.12606
2.11216
2.09839
2.08476
2.07126
2.05789
2.04464
2.03153
2.01855
2.00569
1.99295
1.98034
1.96785
1.95548
1.94323
1.9311
1.91909
1.90719
1.8954
1.88373
1.87217
1.86071
1.84937
1.83813
1.827
1.81597
1.80504
1.79422
1.78349
1.77287
1.76233
1.7519
1.74156
1.73131
1.72115
1.71108
1.7011
1.69121
1.6814
1.67168
1.66204
1.65248
1.643
1.63361
1.62429
1.61504
1.60587
1.59678
1.58776
1.57881
1.56993
1.56112
1.55237
1.5437
1.53509
1.52654
1.51806
1.50965
1.50129
1.49299
1.48476
1.47658
1.46846
1.46039
1.45239
1.44443
1.43653
1.42869
1.42089
1.41315
1.40546
1.39782
1.39022
1.38268
1.37518
1.36772
1.36032
1.35296
1.34564
1.33836
1.33113
1.32395
1.3168
1.30969
1.30263
1.29561
1.28862
1.28167
1.27477
1.26789
1.26106
1.25427
1.24751
1.24078
1.23409
1.22744
1.22082
1.21423
1.20768
1.20116
1.19468
1.18823
1.18181
1.17542
1.16906
1.16273
1.15644
1.15017
1.14394
1.13774
1.13156
1.12542
1.1193
1.11322
1.10716
1.10113
1.09513
1.08916
1.08321
1.0773
1.07141
1.06555
1.05971
1.05391
1.04813
1.04237
1.03665
1.03095
1.02527
1.01962
1.014
1.00841
1.00284
0.997292
0.991774
0.986281
0.980813
0.975371
0.969954
0.964562
0.959195
0.953853
0.948536
0.943244
0.937977
0.932734
0.927516
0.922323
0.917154
0.91201
0.90689
0.901794
0.896723
0.891675
0.886653
0.881654
0.876679
0.871728
0.866802
0.861899
0.85702
0.852165
0.847334
0.842527
0.837743
0.832984
0.828247
0.823535
0.818846
0.814181
0.809539
0.804921
0.800326
0.795755
0.791207
0.786682
0.782181
0.777703
0.773248
0.768817
0.764408
0.760023
0.755661
0.751322
0.747006
0.742713
0.738444
0.734196
0.729972
0.725771
0.721593
0.717437
0.713304
0.709194
0.705106
0.701041
0.696999
0.692979
0.688981
0.685006
0.681054
0.677124
0.673216
0.66933
0.665466
0.661625
0.657806
0.654009
0.650233
0.64648
0.642749
0.639039
0.635352
0.631686
0.628041
0.624419
0.620818
0.617238
0.61368
0.610143
0.606628
0.603134
0.599661
0.59621
0.592779
0.589369
0.585981
0.582613
0.579266
0.57594
0.572635
0.56935
0.566086
0.562843
0.559619
0.556417
0.553234
0.550072
0.54693
0.543808
0.540706
0.537624
0.534562
0.531519
0.528496
0.525494
0.52251
0.519546
0.516602
0.513677
0.510771
0.507884
0.505016
0.502168
0.499338
0.496528
0.493736
0.490962
0.488208
0.485472
0.482754
0.480055
0.477375
0.474712
0.472068
0.469441
0.466833
0.464242
0.46167
0.459115
0.456578
0.454058
0.451556
0.449071
0.446604
0.444153
0.44172
0.439304
0.436905
0.434523
0.432157
0.429809
0.427477
0.425161
0.422862
0.42058
0.418313
0.416063
0.413829
0.411611
0.409409
0.407223
0.405052
0.402897
0.400758
0.398635
0.396526
0.394433
0.392356
0.390293
0.388246
0.386213
0.384196
0.382193
0.380205
0.378232
0.376273
0.374328
0.372398
0.370483
0.368581
0.366694
0.364821
0.362961
0.361116
0.359284
0.357466
0.355662
0.353871
0.352094
0.35033
0.348579
0.346841
0.345117
0.343405
0.341707
0.340021
0.338348
0.336688
0.335041
0.333406
0.331783
0.330173
0.328575
0.326989
0.325416
0.323854
0.322305
0.320767
0.319241
0.317727
0.316224
0.314733
0.313254
0.311786
0.310329
0.308883
0.307449
0.306026
0.304613
0.303212
0.301822
0.300442
0.299073
0.297715
0.296367
0.295029
0.293703
0.292386
0.29108
0.289783
0.288497
0.287221
0.285955
0.284699
0.283453
0.282216
0.28099
0.279772
0.278565
0.277366
0.276177
0.274998
0.273828
0.272666
0.271514
0.270371
0.269238
0.268112
0.266996
0.265889
0.26479
0.2637
0.262619
0.261546
0.260481
0.259425
0.258377
0.257338
0.256306
0.255283
0.254268
0.253261
0.252262
0.251271
0.250287
0.249311
0.248343
0.247383
0.24643
0.245485
0.244547
0.243617
0.242694
0.241778
0.24087
0.239968
0.239074
0.238187
0.237307
0.236434
0.235567
0.234708
0.233855
0.233009
0.23217
0.231337
0.230511
0.229691
0.228878
0.228072
0.227271
0.226477
0.225689
0.224908
0.224132
0.223363
0.2226
0.221843
0.221091
0.220346
0.219606
0.218873
0.218145
0.217422
0.216706
0.215995
0.215289
0.21459
0.213895
0.213206
0.212523
0.211845
0.211172
0.210504
0.209842
0.209185
0.208533
0.207886
0.207244
0.206607
0.205975
0.205348
0.204726
0.204108
0.203496
0.202888
0.202285
0.201687
0.201093
0.200504
0.19992
0.19934
0.198764
0.198193
0.197626
0.197064
0.196506
0.195953
0.195403
0.194858
0.194317
0.193781
0.193248
0.19272
0.192195
0.191675
0.191158
0.190646
0.190138
0.189633
0.189132
0.188635
0.188142
0.187653
0.187167
0.186685
0.186207
0.185732
0.185261
0.184794
0.18433
0.18387
0.183413
0.182959
0.182509
0.182063
0.181619
0.18118
0.180743
0.18031
0.17988
0.179453
0.17903
0.178609
0.178192
0.177778
0.177367
0.176959
0.176554
0.176152
0.175754
0.175358
0.174965
0.174575
0.174188
0.173804
0.173423
0.173044
0.172668
0.172296
0.171925
0.171558
0.171193
0.170831
0.170472
0.170115
0.169761
0.16941
0.169061
0.168715
0.168371
0.16803
0.167691
0.167355
0.167021
0.16669
0.166361
0.166035
0.165711
0.165389
0.16507
0.164752
0.164438
0.164125
0.163815
0.163507
0.163201
0.162898
0.162597
0.162297
0.162001
0.161706
0.161413
0.161122
0.160834
0.160548
0.160263
0.159981
0.159701
0.159422
0.159146
0.158872
0.1586
0.158329
0.158061
0.157794
0.15753
0.157267
0.157006
0.156747
0.15649
0.156235
0.155981
0.15573
0.15548
0.155232
0.154985
0.154741
0.154498
0.154257
0.154017
0.15378
0.153544
0.153309
0.153076
0.152845
0.152616
0.152388
0.152162
0.151937
0.151714
0.151493
0.151273
0.151055
0.150838
0.150623
0.150409
0.150197
0.149986
0.149777
0.149569
0.149363
0.149158
0.148955
0.148753
0.148552
0.148353
0.148155
0.147959
0.147764
0.14757
0.147378
0.147187
0.146998
0.14681
0.146623
0.146437
0.146253
0.14607
0.145889
0.145708
0.145529
0.145351
0.145175
0.144999
0.144825
0.144652
0.144481
0.14431
0.144141
0.143973
0.143806
0.143641
0.143476
0.143313
0.143151
0.14299
0.14283
0.142671
0.142514
0.142357
0.142202
0.142048
0.141895
0.141743
0.141592
0.141442
0.141293
0.141146
0.140999
0.140853
0.140709
0.140565
0.140423
0.140282
0.140141
0.140002
0.139863
0.139726
0.13959
0.139454
0.13932
0.139187
0.139054
0.138923
0.138792
0.138663
0.138534
0.138407
0.13828
0.138154
0.13803
0.137906
0.137783
0.137661
0.13754
0.13742
0.1373
0.137182
0.137065
0.136948
0.136832
0.136718
0.136604
0.136491
0.136378
0.136267
0.136157
0.136047
0.135938
0.13583
0.135723
0.135617
0.135512
0.135407
0.135304
0.135201
0.135099
0.134997
0.134897
0.134797
0.134698
0.1346
0.134503
0.134407
0.134311
0.134216
0.134122
0.134029
0.133936
0.133844
0.133753
0.133663
0.133574
0.133485
0.133397
0.13331
0.133223
0.133137
0.133053
0.132968
0.132885
0.132802
0.13272
0.132639
0.132558
0.132478
0.132399
0.132321
0.132243
0.132166
0.13209
0.132014
0.131939
0.131865
0.131792
0.131719
0.131647
0.131576
0.131505
0.131435
0.131366
0.131297
0.131229
0.131162
0.131095
0.131029
0.130964
0.130899
0.130835
0.130772
0.13071
0.130648
0.130586
0.130526
0.130466
0.130407
0.130348
0.13029
0.130233
0.130176
0.13012
0.130064
0.13001
0.129955
0.129902
0.129849
0.129797
0.129745
0.129694
0.129644
0.129594
0.129545
0.129497
0.129449
0.129402
0.129355
0.129309
0.129264
0.129219
0.129175
0.129131
0.129088
0.129046
0.129004
0.128963
0.128923
0.128883
0.128844
0.128805
0.128767
0.128729
0.128693
0.128656
0.128621
0.128586
0.128551
0.128517
0.128484
0.128451
0.128419
0.128388
0.128357
0.128326
0.128297
0.128267
0.128239
0.128211
0.128183
0.128157
0.12813
0.128105
0.12808
0.128055
0.128031
0.128008
0.127985
0.127963
0.127941
0.12792
0.1279
0.12788
0.127861
0.127842
0.127824
0.127806
0.127789
0.127773
0.127757
0.127741
0.127727
0.127713
0.127699
0.127686
0.127673
0.127662
0.12765
0.12764
0.127629
0.12762
0.127611
0.127602
0.127594
0.127587
0.12758
0.127574
0.127568
0.127563
0.127559
0.127555
0.127551
0.127548
0.127546
0.127545
0.127543
0.127543
0.127543
0.127543
0.127545
0.127546
0.127548
0.127551
0.127555
0.127559
0.127563
0.127568
0.127574
0.12758
0.127587
0.127594
0.127602
0.127611
0.12762
0.127629
0.12764
0.12765
0.127662
0.127673
0.127686
0.127699
0.127713
0.127727
0.127741
0.127757
0.127773
0.127789
0.127806
0.127824
0.127842
0.127861
0.12788
0.1279
0.12792
0.127941
0.127963
0.127985
0.128008
0.128031
0.128055
0.12808
0.128105
0.12813
0.128157
0.128183
0.128211
0.128239
0.128267
0.128297
0.128326
0.128357
0.128388
0.128419
0.128451
0.128484
0.128517
0.128551
0.128586
0.128621
0.128656
0.128693
0.128729
0.128767
0.128805
0.128844
0.128883
0.128923
0.128963
0.129004
0.129046
0.129088
0.129131
0.129175
0.129219
0.129264
0.129309
0.129355
0.129402
0.129449
0.129497
0.129545
0.129594
0.129644
0.129694
0.129745
0.129797
0.129849
0.129902
0.129955
0.13001
0.130064
0.13012
0.130176
0.130233
0.13029
0.130348
0.130407
0.130466
0.130526
0.130586
0.130648
0.13071
0.130772
0.130835
0.130899
0.130964
0.131029
0.131095
0.131162
0.131229
0.131297
0.131366
0.131435
0.131505
0.131576
0.131647
0.131719
0.131792
0.131865
0.131939
0.132014
0.13209
0.132166
0.132243
0.132321
0.132399
0.132478
0.132558
0.132639
0.13272
0.132802
0.132885
0.132968
0.133053
0.133137
0.133223
0.13331
0.133397
0.133485
0.133574
0.133663
0.133753
0.133844
0.133936
0.134029
0.134122
0.134216
0.134311
0.134407
0.134503
0.1346
0.134698
0.134797
0.134897
0.134997
0.135099
0.135201
0.135304
0.135407
0.135512
0.135617
0.135723
0.13583
0.135938
0.136047
0.136157
0.136267
0.136378
0.136491
0.136604
0.136718
0.136832
0.136948
0.137065
0.137182
0.1373
0.13742
0.13754
0.137661
0.137783
0.137906
0.13803
0.138154
0.13828
0.138407
0.138534
0.138663
0.138792
0.138923
0.139054
0.139187
0.13932
0.139454
0.13959
0.139726
0.139863
0.140002
0.140141
0.140282
0.140423
0.140565
0.140709
0.140853
0.140999
0.141146
0.141293
0.141442
0.141592
0.141743
0.141895
0.142048
0.142202
0.142357
0.142514
0.142671
0.14283
0.14299
0.143151
0.143313
0.143476
0.143641
0.143806
0.143973
0.144141
0.14431
0.144481
0.144652
0.144825
0.144999
0.145175
0.145351
0.145529
0.145708
0.145889
0.14607
0.146253
0.146437
0.146623
0.14681
0.146998
0.147187
0.147378
0.14757
0.147764
0.147959
0.148155
0.148353
0.148552
0.148753
0.148955
0.149158
0.149363
0.149569
0.149777
0.149986
0.150197
0.150409
0.150623
0.150838
0.151055
0.151273
0.151493
0.151714
0.151937
0.152162
0.152388
0.152616
0.152845
0.153076
0.153309
0.153544
0.15378
0.154017
0.154257
0.154498
0.154741
0.154985
0.155232
0.15548
0.15573
0.155981
0.156235
0.15649
0.156747
0.157006
0.157267
0.15753
0.157794
0.158061
0.158329
0.1586
0.158872
0.159146
0.159422
0.159701
0.159981
0.160263
0.160548
0.160834
0.161122
0.161413
0.161706
0.162001
0.162297
0.162597
0.162898
0.163201
0.163507
0.163815
0.164125
0.164438
0.164752
0.16507
0.165389
0.165711
0.166035
0.166361
0.16669
0.167021
0.167355
0.167691
0.16803
0.168371
0.168715
0.169061
0.16941
0.169761
0.170115
0.170472
0.170831
0.171193
0.171558
0.171925
0.172296
0.172668
0.173044
0.173423
0.173804
0.174188
0.174575
0.174965
0.175358
0.175754
0.176152
0.176554
0.176959
0.177367
0.177778
0.178192
0.178609
0.17903
0.179453
0.17988
0.18031
0.180743
0.18118
0.181619
0.182063
0.182509
0.182959
0.183413
0.18387
0.18433
0.184794
0.185261
0.185732
0.186207
0.186685
0.187167
0.187653
0.188142
0.188635
0.189132
0.189633
0.190138
0.190646
0.191158
0.191675
0.192195
0.19272
0.193248
0.193781
0.194317
0.194858
0.195403
0.195953
0.196506
0.197064
0.197626
0.198193
0.198764
0.19934
0.19992
0.200504
0.201093
0.201687
0.202285
0.202888
0.203496
0.204108
0.204726
0.205348
0.205975
0.206607
0.207244
0.207886
0.208533
0.209185
0.209842
0.210504
0.211172
0.211845
0.212523
0.213206
0.213895
0.21459
0.215289
0.215995
0.216706
0.217422
0.218145
0.218873
0.219606
0.220346
0.221091
0.221843
0.2226
0.223363
0.224132
0.224908
0.225689
0.226477
0.227271
0.228072
0.228878
0.229691
0.230511
0.231337
0.23217
0.233009
0.233855
0.234708
0.235567
0.236434
0.237307
0.238187
0.239074
0.239968
0.24087
0.241778
0.242694
0.243617
0.244547
0.245485
0.24643
0.247383
0.248343
0.249311
0.250287
0.251271
0.252262
0.253261
0.254268
0.255283
0.256306
0.257338
0.258377
0.259425
0.260481
0.261546
0.262619
0.2637
0.26479
0.265889
0.266996
0.268112
0.269238
0.270371
0.271514
0.272666
0.273828
0.274998
0.276177
0.277366
0.278565
0.279772
0.28099
0.282216
0.283453
0.284699
0.285955
0.287221
0.288497
0.289783
0.29108
0.292386
0.293703
0.295029
0.296367
0.297715
0.299073
0.300442
0.301822
0.303212
0.304613
0.306026
0.307449
0.308883
0.310329
0.311786
0.313254
0.314733
0.316224
0.317727
0.319241
0.320767
0.322305
0.323854
0.325416
0.326989
0.328575
0.330173
0.331783
0.333406
0.335041
0.336688
0.338348
0.340021
0.341707
0.343405
0.345117
0.346841
0.348579
0.35033
0.352094
0.353871
0.355662
0.357466
0.359284
0.361116
0.362961
0.364821
0.366694
0.368581
0.370483
0.372398
0.374328
0.376273
0.378232
0.380205
0.382193
0.384196
0.386213
0.388246
0.390293
0.392356
0.394433
0.396526
0.398635
0.400758
0.402897
0.405052
0.407223
0.409409
0.411611
0.413829
0.416063
0.418313
0.42058
0.422862
0.425161
0.427477
0.429809
0.432157
0.434523
0.436905
0.439304
0.44172
0.444153
0.446604
0.449071
0.451556
0.454058
0.456578
0.459115
0.46167
0.464242
0.466833
0.469441
0.472068
0.474712
0.477375
0.480055
0.482754
0.485472
0.488208
0.490962
0.493736
0.496528
0.499338
0.502168
0.505016
0.507884
0.510771
0.513677
0.516602
0.519546
0.52251
0.525494
0.528496
0.531519
0.534562
0.537624
0.540706
0.543808
0.54693
0.550072
0.553234
0.556417
0.559619
0.562843
0.566086
0.56935
0.572635
0.57594
0.579266
0.582613
0.585981
0.589369
0.592779
0.59621
0.599661
0.603134
0.606628
0.610143
0.61368
0.617238
0.620818
0.624419
0.628041
0.631686
0.635352
0.639039
0.642749
0.64648
0.650233
0.654009
0.657806
0.661625
0.665466
0.66933
0.673216
0.677124
0.681054
0.685006
0.688981
0.692979
0.696999
0.701041
0.705106
0.709194
0.713304
0.717437
0.721593
0.725771
0.729972
0.734196
0.738444
0.742713
0.747006
0.751322
0.755661
0.760023
0.764408
0.768817
0.773248
0.777703
0.782181
0.786682
0.791207
0.795755
0.800326
0.804921
0.809539
0.814181
0.818846
0.823535
0.828247
0.832984
0.837743
0.842527
0.847334
0.852165
0.85702
0.861899
0.866802
0.871728
0.876679
0.881654
0.886653
0.891675
0.896723
0.901794
0.90689
0.91201
0.917154
0.922323
0.927516
0.932734
0.937977
0.943244
0.948536
0.953853
0.959195
0.964562
0.969954
0.975371
0.980813
0.986281
0.991774
0.997292
1.00284
1.00841
1.014
1.01962
1.02527
1.03095
1.03665
1.04237
1.04813
1.05391
1.05971
1.06555
1.07141
1.0773
1.08321
1.08916
1.09513
1.10113
1.10716
1.11322
1.1193
1.12542
1.13156
1.13774
1.14394
1.15017
1.15644
1.16273
1.16906
1.17542
1.18181
1.18823
1.19468
1.20116
1.20768
1.21423
1.22082
1.22744
1.23409
1.24078
1.24751
1.25427
1.26106
1.26789
1.27477
1.28167
1.28862
1.29561
1.30263
1.30969
1.3168
1.32395
1.33113
1.33836
1.34564
1.35296
1.36032
1.36772
1.37518
1.38268
1.39022
1.39782
1.40546
1.41315
1.42089
1.42869
1.43653
1.44443
1.45239
1.46039
1.46846
1.47658
1.48476
1.49299
1.50129
1.50965
1.51806
1.52654
1.53509
1.5437
1.55237
1.56112
1.56993
1.57881
1.58776
1.59678
1.60587
1.61504
1.62429
1.63361
1.643
1.65248
1.66204
1.67168
1.6814
1.69121
1.7011
1.71108
1.72115
1.73131
1.74156
1.7519
1.76233
1.77287
1.78349
1.79422
1.80504
1.81597
1.827
1.83813
1.84937
1.86071
1.87217
1.88373
1.8954
1.90719
1.91909
1.9311
1.94323
1.95548
1.96785
1.98034
1.99295
2.00569
2.01855
2.03153
2.04464
2.05789
2.07126
2.08476
2.09839
2.11216
2.12606
2.1401
2.15428
2.16859
2.18304
2.19764
2.21237
2.22724
2.24226
2.25742
2.27272
2.28817
2.30377
2.31951
2.33539
2.35143
2.36761
2.38394
2.40042
2.41705
2.43383
2.45075
2.46783
2.48505
2.50243
2.51995
2.53762
2.55544
2.57341
2.59153
2.60979
2.62821
2.64676
2.66547
2.68432
2.70331
2.72244
2.74172
2.76114
2.78069
2.80039
2.82022
2.84018
2.86028
2.88051
2.90087
2.92136
2.94197
2.96271
2.98357
3.00454
3.02563
3.04684
3.06816
3.08958
3.11112
3.13275
3.15448
3.17631
3.19823
3.22024
3.24234
3.26452
3.28678
3.30911
3.33151
3.35398
3.37651
3.3991
3.42175
3.44444
3.46718
3.48995
3.51277
3.53561
3.55848
3.58137
3.60427
3.62718
3.6501
3.67302
3.69593
3.71883
3.74171
3.76457
3.7874
3.8102
3.83295
3.85566
3.87831
3.90091
3.92344
3.94589
3.96827
3.99057
4.01277
4.03488
4.05688
4.07877
4.10054
4.12219
4.14371
4.1651
4.18634
4.20743
4.22836
4.24913
4.26972
4.29014
4.31038
4.33042
4.35027
4.36991
4.38934
4.40856
4.42755
4.44631
4.46483
4.4831
4.50113
4.5189
4.5364
4.55364
4.5706
4.58728
4.60367
4.61976
4.63556
4.65105
4.66623
4.68108
4.69562
4.70983
4.7237
4.73723
4.75042
4.76326
4.77574
4.78787
4.79962
4.81101
4.82203
4.83267
4.84292
4.85279
4.86227
4.87136
4.88004
4.88833
4.89621
4.90369
4.91075
4.9174
4.92363
4.92945
4.93484
4.93981
4.94436
4.94848
4.95216
4.95542
4.95825
4.96064
4.9626
4.96413
4.96522
4.96587
4.96609
