2048 1 1
2.00023e-10 2.30966e-10 3.26636e-10
-0.00228124
1.7582e+10
3.51585e+10
5.27243e+10
7.0274e+10
8.78022e+10
1.05303e+11
1.22773e+11
1.40204e+11
1.57593e+11
1.74934e+11
1.92221e+11
2.09451e+11
2.26616e+11
2.43713e+11
2.60736e+11
2.77681e+11
2.94542e+11
3.11314e+11
3.27993e+11
3.44574e+11
3.61051e+11
3.77422e+11
3.9368e+11
4.09822e+11
4.25843e+11
4.41739e+11
4.57505e+11
4.73138e+11
4.88633e+11
5.03986e+11
5.19193e+11
5.34252e+11
5.49157e+11
5.63906e+11
5.78494e+11
5.92919e+11
6.07178e+11
6.21266e+11
6.35181e+11
6.4892e+11
6.62481e+11
6.75859e+11
6.89054e+11
7.02062e+11
7.1488e+11
7.27507e+11
7.3994e+11
7.52178e+11
7.64218e+11
7.76059e+11
7.87698e+11
7.99134e+11
8.10366e+11
8.21392e+11
8.32212e+11
8.42823e+11
8.53225e+11
8.63417e+11
8.73398e+11
8.83167e+11
8.92724e+11
9.02069e+11
9.112e+11
9.20118e+11
9.28823e+11
9.37314e+11
9.45592e+11
9.53656e+11
9.61507e+11
9.69146e+11
9.76572e+11
9.83787e+11
9.90791e+11
9.97584e+11
1.00417e+12
1.01054e+12
1.01671e+12
1.02267e+12
1.02843e+12
1.03398e+12
1.03933e+12
1.04447e+12
1.04942e+12
1.05417e+12
1.05872e+12
1.06308e+12
1.06724e+12
1.07121e+12
1.07499e+12
1.07859e+12
1.082e+12
1.08522e+12
1.08826e+12
1.09113e+12
1.09381e+12
1.09632e+12
1.09866e+12
1.10083e+12
1.10283e+12
1.10466e+12
1.10633e+12
1.10783e+12
1.10918e+12
1.11038e+12
1.11141e+12
1.1123e+12
1.11304e+12
1.11363e+12
1.11408e+12
1.11439e+12
1.11456e+12
1.11459e+12
1.11449e+12
1.11426e+12
1.1139e+12
1.11342e+12
1.11281e+12
1.11208e+12
1.11124e+12
1.11028e+12
1.1092e+12
1.10802e+12
1.10673e+12
1.10533e+12
1.10384e+12
1.10224e+12
1.10055e+12
1.09876e+12
1.09687e+12
1.0949e+12
1.09284e+12
1.0907e+12
1.08847e+12
1.08617e+12
1.08378e+12
1.08132e+12
1.07879e+12
1.07618e+12
1.07351e+12
1.07077e+12
1.06796e+12
1.0651e+12
1.06217e+12
1.05918e+12
1.05614e+12
1.05304e+12
1.04989e+12
1.04669e+12
1.04345e+12
1.04015e+12
1.03682e+12
1.03343e+12
1.03001e+12
1.02655e+12
1.02305e+12
1.01952e+12
1.01595e+12
1.01235e+12
1.00872e+12
1.00505e+12
1.00136e+12
9.97646e+11
9.93905e+11
9.9014e+11
9.86352e+11
9.82544e+11
9.78716e+11
9.74869e+11
9.71006e+11
9.67126e+11
9.63232e+11
9.59324e+11
9.55404e+11
9.51473e+11
9.47531e+11
9.4358e+11
9.39621e+11
9.35655e+11
9.31682e+11
9.27704e+11
9.23721e+11
9.19735e+11
9.15746e+11
9.11755e+11
9.07762e+11
9.0377e+11
8.99777e+11
8.95786e+11
8.91796e+11
8.87808e+11
8.83824e+11
8.79843e+11
8.75866e+11
8.71894e+11
8.67928e+11
8.63967e+11
8.60013e+11
8.56065e+11
8.52125e+11
8.48193e+11
8.44269e+11
8.40353e+11
8.36447e+11
8.3255e+11
8.28663e+11
8.24786e+11
8.2092e+11
8.17065e+11
8.1322e+11
8.09388e+11
8.05567e+11
8.01758e+11
7.97961e+11
7.94177e+11
7.90406e+11
7.86647e+11
7.82902e+11
7.7917e+11
7.75452e+11
7.71748e+11
7.68057e+11
7.64381e+11
7.60719e+11
7.57071e+11
7.53438e+11
7.49819e+11
7.46215e+11
7.42626e+11
7.39052e+11
7.35493e+11
7.3195e+11
7.28421e+11
7.24908e+11
7.2141e+11
7.17928e+11
7.14461e+11
7.1101e+11
7.07574e+11
7.04154e+11
7.0075e+11
6.97361e+11
6.93988e+11
6.90631e+11
6.87289e+11
6.83964e+11
6.80654e+11
6.7736e+11
6.74082e+11
6.70819e+11
6.67573e+11
6.64342e+11
6.61127e+11
6.57928e+11
6.54745e+11
6.51577e+11
6.48425e+11
6.45289e+11
6.42168e+11
6.39064e+11
6.35975e+11
6.32901e+11
6.29843e+11
6.26801e+11
6.23774e+11
6.20763e+11
6.17767e+11
6.14786e+11
6.11821e+11
6.08872e+11
6.05937e+11
6.03018e+11
6.00114e+11
5.97226e+11
5.94352e+11
5.91493e+11
5.8865e+11
5.85822e+11
5.83008e+11
5.80209e+11
5.77426e+11
5.74657e+11
5.71902e+11
5.69163e+11
5.66438e+11
5.63727e+11
5.61032e+11
5.5835e+11
5.55683e+11
5.53031e+11
5.50393e+11
5.47769e+11
5.45159e+11
5.42564e+11
5.39982e+11
5.37415e+11
5.34861e+11
5.32322e+11
5.29796e+11
5.27285e+11
5.24787e+11
5.22302e+11
5.19832e+11
5.17375e+11
5.14931e+11
5.12501e+11
5.10084e+11
5.07681e+11
5.05291e+11
5.02915e+11
5.00551e+11
4.98201e+11
4.95864e+11
4.93539e+11
4.91228e+11
4.8893e+11
4.86644e+11
4.84371e+11
4.82111e+11
4.79864e+11
4.77629e+11
4.75407e+11
4.73197e+11
4.71e+11
4.68815e+11
4.66643e+11
4.64482e+11
4.62334e+11
4.60198e+11
4.58074e+11
4.55963e+11
4.53863e+11
4.51775e+11
4.49699e+11
4.47634e+11
4.45582e+11
4.43541e+11
4.41512e+11
4.39494e+11
4.37488e+11
4.35493e+11
4.3351e+11
4.31538e+11
4.29577e+11
4.27627e+11
4.25689e+11
4.23762e+11
4.21845e+11
4.1994e+11
4.18046e+11
4.16162e+11
4.1429e+11
4.12428e+11
4.10577e+11
4.08736e+11
4.06906e+11
4.05087e+11
4.03278e+11
4.01479e+11
3.99691e+11
3.97913e+11
3.96146e+11
3.94388e+11
3.92641e+11
3.90904e+11
3.89176e+11
3.87459e+11
3.85752e+11
3.84054e+11
3.82367e+11
3.80689e+11
3.7902e+11
3.77362e+11
3.75713e+11
3.74073e+11
3.72443e+11
3.70822e+11
3.69211e+11
3.67609e+11
3.66016e+11
3.64432e+11
3.62858e+11
3.61293e+11
3.59736e+11
3.58189e+11
3.5665e+11
3.55121e+11
3.536e+11
3.52088e+11
3.50585e+11
3.4909e+11
3.47604e+11
3.46126e+11
3.44657e+11
3.43197e+11
3.41745e+11
3.40301e+11
3.38865e+11
3.37438e+11
3.36019e+11
3.34608e+11
3.33205e+11
3.3181e+11
3.30423e+11
3.29044e+11
3.27673e+11
3.2631e+11
3.24954e+11
3.23607e+11
3.22267e+11
3.20934e+11
3.19609e+11
3.18292e+11
3.16982e+11
3.1568e+11
3.14385e+11
3.13097e+11
3.11817e+11
3.10543e+11
3.09277e+11
3.08019e+11
3.06767e+11
3.05522e+11
3.04284e+11
3.03054e+11
3.0183e+11
3.00613e+11
2.99403e+11
2.98199e+11
2.97003e+11
2.95813e+11
2.94629e+11
2.93453e+11
2.92283e+11
2.91119e+11
2.89962e+11
2.88811e+11
2.87666e+11
2.86528e+11
2.85396e+11
2.84271e+11
2.83151e+11
2.82038e+11
2.80931e+11
2.79829e+11
2.78734e+11
2.77645e+11
2.76562e+11
2.75485e+11
2.74413e+11
2.73347e+11
2.72288e+11
2.71233e+11
2.70185e+11
2.69142e+11
2.68105e+11
2.67073e+11
2.66047e+11
2.65026e+11
2.64011e+11
2.63001e+11
2.61997e+11
2.60998e+11
2.60004e+11
2.59015e+11
2.58032e+11
2.57054e+11
2.56081e+11
2.55113e+11
2.5415e+11
2.53192e+11
2.52239e+11
2.51291e+11
2.50348e+11
2.4941e+11
2.48477e+11
2.47548e+11
2.46624e+11
2.45705e+11
2.44791e+11
2.43882e+11
2.42977e+11
2.42076e+11
2.4118e+11
2.40289e+11
2.39402e+11
2.3852e+11
2.37642e+11
2.36768e+11
2.35899e+11
2.35034e+11
2.34174e+11
2.33318e+11
2.32465e+11
2.31618e+11
2.30774e+11
2.29934e+11
2.29099e+11
2.28268e+11
2.2744e+11
2.26617e+11
2.25797e+11
2.24982e+11
2.24171e+11
2.23363e+11
2.22559e+11
2.21759e+11
2.20963e+11
2.20171e+11
2.19382e+11
2.18597e+11
2.17816e+11
2.17039e+11
2.16265e+11
2.15494e+11
2.14728e+11
2.13964e+11
2.13205e+11
2.12449e+11
2.11696e+11
2.10946e+11
2.10201e+11
2.09458e+11
2.08719e+11
2.07983e+11
2.07251e+11
2.06521e+11
2.05795e+11
2.05073e+11
2.04353e+11
2.03637e+11
2.02923e+11
2.02213e+11
2.01506e+11
2.00802e+11
2.00101e+11
1.99404e+11
1.98709e+11
1.98017e+11
1.97328e+11
1.96642e+11
1.95959e+11
1.95279e+11
1.94602e+11
1.93927e+11
1.93256e+11
1.92587e+11
1.91921e+11
1.91258e+11
1.90597e+11
1.89939e+11
1.89284e+11
1.88632e+11
1.87982e+11
1.87335e+11
1.8669e+11
1.86048e+11
1.85409e+11
1.84772e+11
1.84137e+11
1.83506e+11
1.82876e+11
1.82249e+11
1.81625e+11
1.81003e+11
1.80383e+11
1.79766e+11
1.79151e+11
1.78539e+11
1.77929e+11
1.77321e+11
1.76715e+11
1.76112e+11
1.75511e+11
1.74912e+11
1.74316e+11
1.73722e+11
1.7313e+11
1.7254e+11
1.71952e+11
1.71366e+11
1.70783e+11
1.70201e+11
1.69622e+11
1.69045e+11
1.6847e+11
1.67896e+11
1.67325e+11
1.66756e+11
1.66189e+11
1.65624e+11
1.65061e+11
1.645e+11
1.6394e+11
1.63383e+11
1.62827e+11
1.62274e+11
1.61722e+11
1.61172e+11
1.60624e+11
1.60078e+11
1.59534e+11
1.58991e+11
1.5845e+11
1.57911e+11
1.57374e+11
1.56838e+11
1.56304e+11
1.55772e+11
1.55242e+11
1.54713e+11
1.54186e+11
1.53661e+11
1.53137e+11
1.52615e+11
1.52095e+11
1.51576e+11
1.51058e+11
1.50543e+11
1.50029e+11
1.49516e+11
1.49005e+11
1.48496e+11
1.47988e+11
1.47481e+11
1.46976e+11
1.46473e+11
1.45971e+11
1.45471e+11
1.44972e+11
1.44474e+11
1.43978e+11
1.43483e+11
1.4299e+11
1.42498e+11
1.42008e+11
1.41518e+11
1.41031e+11
1.40544e+11
1.40059e+11
1.39575e+11
1.39093e+11
1.38612e+11
1.38132e+11
1.37654e+11
1.37176e+11
1.36701e+11
1.36226e+11
1.35752e+11
1.3528e+11
1.34809e+11
1.3434e+11
1.33871e+11
1.33404e+11
1.32938e+11
1.32473e+11
1.32009e+11
1.31547e+11
1.31085e+11
1.30625e+11
1.30166e+11
1.29708e+11
1.29252e+11
1.28796e+11
1.28341e+11
1.27888e+11
1.27436e+11
1.26984e+11
1.26534e+11
1.26085e+11
1.25637e+11
1.2519e+11
1.24744e+11
1.24299e+11
1.23855e+11
1.23412e+11
1.2297e+11
1.2253e+11
1.2209e+11
1.21651e+11
1.21213e+11
1.20776e+11
1.2034e+11
1.19905e+11
1.19471e+11
1.19038e+11
1.18606e+11
1.18175e+11
1.17745e+11
1.17316e+11
1.16887e+11
1.1646e+11
1.16033e+11
1.15608e+11
1.15183e+11
1.14759e+11
1.14336e+11
1.13914e+11
1.13492e+11
1.13072e+11
1.12652e+11
1.12233e+11
1.11816e+11
1.11398e+11
1.10982e+11
1.10567e+11
1.10152e+11
1.09738e+11
1.09325e+11
1.08913e+11
1.08502e+11
1.08091e+11
1.07681e+11
1.07272e+11
1.06864e+11
1.06456e+11
1.06049e+11
1.05643e+11
1.05238e+11
1.04833e+11
1.04429e+11
1.04026e+11
1.03624e+11
1.03222e+11
1.02821e+11
1.02421e+11
1.02021e+11
1.01623e+11
1.01224e+11
1.00827e+11
1.0043e+11
1.00034e+11
9.96386e+10
9.92438e+10
9.88497e+10
9.84562e+10
9.80634e+10
9.76713e+10
9.72798e+10
9.68889e+10
9.64987e+10
9.61091e+10
9.57201e+10
9.53318e+10
9.49441e+10
9.4557e+10
9.41704e+10
9.37846e+10
9.33993e+10
9.30146e+10
9.26304e+10
9.22469e+10
9.1864e+10
9.14816e+10
9.10998e+10
9.07186e+10
9.0338e+10
8.99579e+10
8.95784e+10
8.91994e+10
8.8821e+10
8.84431e+10
8.80658e+10
8.7689e+10
8.73128e+10
8.69371e+10
8.65619e+10
8.61872e+10
8.58131e+10
8.54395e+10
8.50664e+10
8.46938e+10
8.43217e+10
8.39501e+10
8.3579e+10
8.32084e+10
8.28383e+10
8.24687e+10
8.20996e+10
8.17309e+10
8.13628e+10
8.09951e+10
8.06279e+10
8.02611e+10
7.98948e+10
7.9529e+10
7.91637e+10
7.87987e+10
7.84343e+10
7.80703e+10
7.77067e+10
7.73436e+10
7.69809e+10
7.66187e+10
7.62569e+10
7.58955e+10
7.55346e+10
7.51741e+10
7.4814e+10
7.44543e+10
7.4095e+10
7.37361e+10
7.33777e+10
7.30197e+10
7.2662e+10
7.23048e+10
7.1948e+10
7.15915e+10
7.12355e+10
7.08798e+10
7.05245e+10
7.01697e+10
6.98152e+10
6.9461e+10
6.91073e+10
6.87539e+10
6.84009e+10
6.80482e+10
6.7696e+10
6.73441e+10
6.69925e+10
6.66413e+10
6.62905e+10
6.594e+10
6.55898e+10
6.52401e+10
6.48906e+10
6.45415e+10
6.41927e+10
6.38443e+10
6.34962e+10
6.31485e+10
6.2801e+10
6.24539e+10
6.21071e+10
6.17607e+10
6.14146e+10
6.10687e+10
6.07232e+10
6.0378e+10
6.00332e+10
5.96886e+10
5.93443e+10
5.90004e+10
5.86567e+10
5.83133e+10
5.79703e+10
5.76275e+10
5.7285e+10
5.69429e+10
5.6601e+10
5.62593e+10
5.5918e+10
5.5577e+10
5.52362e+10
5.48957e+10
5.45555e+10
5.42156e+10
5.38759e+10
5.35365e+10
5.31973e+10
5.28585e+10
5.25199e+10
5.21815e+10
5.18434e+10
5.15056e+10
5.1168e+10
5.08307e+10
5.04936e+10
5.01568e+10
4.98202e+10
4.94838e+10
4.91478e+10
4.88119e+10
4.84763e+10
4.81409e+10
4.78057e+10
4.74708e+10
4.71361e+10
4.68017e+10
4.64674e+10
4.61334e+10
4.57997e+10
4.54661e+10
4.51328e+10
4.47996e+10
4.44667e+10
4.4134e+10
4.38015e+10
4.34692e+10
4.31372e+10
4.28053e+10
4.24737e+10
4.21422e+10
4.18109e+10
4.14799e+10
4.1149e+10
4.08184e+10
4.04879e+10
4.01576e+10
3.98275e+10
3.94976e+10
3.91679e+10
3.88384e+10
3.8509e+10
3.81798e+10
3.78508e+10
3.7522e+10
3.71934e+10
3.68649e+10
3.65366e+10
3.62085e+10
3.58806e+10
3.55528e+10
3.52252e+10
3.48977e+10
3.45704e+10
3.42433e+10
3.39163e+10
3.35895e+10
3.32629e+10
3.29363e+10
3.261e+10
3.22838e+10
3.19577e+10
3.16318e+10
3.13061e+10
3.09805e+10
3.0655e+10
3.03297e+10
3.00045e+10
2.96794e+10
2.93545e+10
2.90297e+10
2.87051e+10
2.83805e+10
2.80561e+10
2.77319e+10
2.74077e+10
2.70837e+10
2.67599e+10
2.64361e+10
2.61124e+10
2.57889e+10
2.54655e+10
2.51422e+10
2.4819e+10
2.4496e+10
2.4173e+10
2.38502e+10
2.35274e+10
2.32048e+10
2.28823e+10
2.25599e+10
2.22375e+10
2.19153e+10
2.15932e+10
2.12712e+10
2.09492e+10
2.06274e+10
2.03057e+10
1.9984e+10
1.96625e+10
1.9341e+10
1.90196e+10
1.86983e+10
1.83771e+10
1.8056e+10
1.77349e+10
1.74139e+10
1.70931e+10
1.67722e+10
1.64515e+10
1.61308e+10
1.58102e+10
1.54897e+10
1.51693e+10
1.48489e+10
1.45285e+10
1.42083e+10
1.38881e+10
1.3568e+10
1.32479e+10
1.29279e+10
1.26079e+10
1.2288e+10
1.19682e+10
1.16484e+10
1.13287e+10
1.1009e+10
1.06893e+10
1.03697e+10
1.00502e+10
9.7307e+09
9.41124e+09
9.09182e+09
8.77245e+09
8.45311e+09
8.13382e+09
7.81455e+09
7.49533e+09
7.17613e+09
6.85697e+09
6.53784e+09
6.21874e+09
5.89966e+09
5.58061e+09
5.26159e+09
4.94259e+09
4.62361e+09
4.30465e+09
3.98571e+09
3.66679e+09
3.34788e+09
3.02899e+09
2.71011e+09
2.39125e+09
2.07239e+09
1.75355e+09
1.43471e+09
1.11588e+09
7.97054e+08
4.78231e+08
1.5941e+08
-1.5941e+08
-4.78231e+08
-7.97054e+08
-1.11588e+09
-1.43471e+09
-1.75355e+09
-2.07239e+09
-2.39125e+09
-2.71011e+09
-3.02899e+09
-3.34788e+09
-3.66679e+09
-3.98571e+09
-4.30465e+09
-4.62361e+09
-4.94259e+09
-5.26159e+09
-5.58061e+09
-5.89966e+09
-6.21874e+09
-6.53784e+09
-6.85697e+09
-7.17613e+09
-7.49533e+09
-7.81455e+09
-8.13382e+09
-8.45311e+09
-8.77245e+09
-9.09182e+09
-9.41124e+09
-9.7307e+09
-1.00502e+10
-1.03697e+10
-1.06893e+10
-1.1009e+10
-1.13287e+10
-1.16484e+10
-1.19682e+10
-1.2288e+10
-1.26079e+10
-1.29279e+10
-1.32479e+10
-1.3568e+10
-1.38881e+10
-1.42083e+10
-1.45285e+10
-1.48489e+10
-1.51693e+10
-1.54897e+10
-1.58102e+10
-1.61308e+10
-1.64515e+10
-1.67722e+10
-1.70931e+10
-1.74139e+10
-1.77349e+10
-1.8056e+10
-1.83771e+10
-1.86983e+10
-1.90196e+10
-1.9341e+10
-1.96625e+10
-1.9984e+10
-2.03057e+10
-2.06274e+10
-2.09492e+10
-2.12712e+10
-2.15932e+10
-2.19153e+10
-2.22375e+10
-2.25599e+10
-2.28823e+10
-2.32048e+10
-2.35274e+10
-2.38502e+10
-2.4173e+10
-2.4496e+10
-2.4819e+10
-2.51422e+10
-2.54655e+10
-2.57889e+10
-2.61124e+10
-2.64361e+10
-2.67599e+10
-2.70837e+10
-2.74077e+10
-2.77319e+10
-2.80561e+10
-2.83805e+10
-2.87051e+10
-2.90297e+10
-2.93545e+10
-2.96794e+10
-3.00045e+10
-3.03297e+10
-3.0655e+10
-3.09805e+10
-3.13061e+10
-3.16318e+10
-3.19577e+10
-3.22838e+10
-3.261e+10
-3.29363e+10
-3.32629e+10
-3.35895e+10
-3.39163e+10
-3.42433e+10
-3.45704e+10
-3.48977e+10
-3.52252e+10
-3.55528e+10
-3.58806e+10
-3.62085e+10
-3.65366e+10
-3.68649e+10
-3.71934e+10
-3.7522e+10
-3.78508e+10
-3.81798e+10
-3.8509e+10
-3.88384e+10
-3.91679e+10
-3.94976e+10
-3.98275e+10
-4.01576e+10
-4.04879e+10
-4.08184e+10
-4.1149e+10
-4.14799e+10
-4.18109e+10
-4.21422e+10
-4.24737e+10
-4.28053e+10
-4.31372e+10
-4.34692e+10
-4.38015e+10
-4.4134e+10
-4.44667e+10
-4.47996e+10
-4.51328e+10
-4.54661e+10
-4.57997e+10
-4.61334e+10
-4.64674e+10
-4.68017e+10
-4.71361e+10
-4.74708e+10
-4.78057e+10
-4.81409e+10
-4.84763e+10
-4.88119e+10
-4.91478e+10
-4.94838e+10
-4.98202e+10
-5.01568e+10
-5.04936e+10
-5.08307e+10
-5.1168e+10
-5.15056e+10
-5.18434e+10
-5.21815e+10
-5.25199e+10
-5.28585e+10
-5.31973e+10
-5.35365e+10
-5.38759e+10
-5.42156e+10
-5.45555e+10
-5.48957e+10
-5.52362e+10
-5.5577e+10
-5.5918e+10
-5.62593e+10
-5.6601e+10
-5.69429e+10
-5.7285e+10
-5.76275e+10
-5.79703e+10
-5.83133e+10
-5.86567e+10
-5.90004e+10
-5.93443e+10
-5.96886e+10
-6.00332e+10
-6.0378e+10
-6.07232e+10
-6.10687e+10
-6.14146e+10
-6.17607e+10
-6.21071e+10
-6.24539e+10
-6.2801e+10
-6.31485e+10
-6.34962e+10
-6.38443e+10
-6.41927e+10
-6.45415e+10
-6.48906e+10
-6.52401e+10
-6.55898e+10
-6.594e+10
-6.62905e+10
-6.66413e+10
-6.69925e+10
-6.73441e+10
-6.7696e+10
-6.80482e+10
-6.84009e+10
-6.87539e+10
-6.91073e+10
-6.9461e+10
-6.98152e+10
-7.01697e+10
-7.05245e+10
-7.08798e+10
-7.12355e+10
-7.15915e+10
-7.1948e+10
-7.23048e+10
-7.2662e+10
-7.30197e+10
-7.33777e+10
-7.37361e+10
-7.4095e+10
-7.44543e+10
-7.4814e+10
-7.51741e+10
-7.55346e+10
-7.58955e+10
-7.62569e+10
-7.66187e+10
-7.69809e+10
-7.73436e+10
-7.77067e+10
-7.80703e+10
-7.84343e+10
-7.87987e+10
-7.91637e+10
-7.9529e+10
-7.98948e+10
-8.02611e+10
-8.06279e+10
-8.09951e+10
-8.13628e+10
-8.17309e+10
-8.20996e+10
-8.24687e+10
-8.28383e+10
-8.32084e+10
-8.3579e+10
-8.39501e+10
-8.43217e+10
-8.46938e+10
-8.50664e+10
-8.54395e+10
-8.58131e+10
-8.61872e+10
-8.65619e+10
-8.69371e+10
-8.73128e+10
-8.7689e+10
-8.80658e+10
-8.84431e+10
-8.8821e+10
-8.91994e+10
-8.95784e+10
-8.99579e+10
-9.0338e+10
-9.07186e+10
-9.10998e+10
-9.14816e+10
-9.1864e+10
-9.22469e+10
-9.26304e+10
-9.30146e+10
-9.33993e+10
-9.37846e+10
-9.41704e+10
-9.4557e+10
-9.49441e+10
-9.53318e+10
-9.57201e+10
-9.61091e+10
-9.64987e+10
-9.68889e+10
-9.72798e+10
-9.76713e+10
-9.80634e+10
-9.84562e+10
-9.88497e+10
-9.92438e+10
-9.96386e+10
-1.00034e+11
-1.0043e+11
-1.00827e+11
-1.01224e+11
-1.01623e+11
-1.02021e+11
-1.02421e+11
-1.02821e+11
-1.03222e+11
-1.03624e+11
-1.04026e+11
-1.04429e+11
-1.04833e+11
-1.05238e+11
-1.05643e+11
-1.06049e+11
-1.06456e+11
-1.06864e+11
-1.07272e+11
-1.07681e+11
-1.08091e+11
-1.08502e+11
-1.08913e+11
-1.09325e+11
-1.09738e+11
-1.10152e+11
-1.10567e+11
-1.10982e+11
-1.11398e+11
-1.11816e+11
-1.12233e+11
-1.12652e+11
-1.13072e+11
-1.13492e+11
-1.13914e+11
-1.14336e+11
-1.14759e+11
-1.15183e+11
-1.15608e+11
-1.16033e+11
-1.1646e+11
-1.16887e+11
-1.17316e+11
-1.17745e+11
-1.18175e+11
-1.18606e+11
-1.19038e+11
-1.19471e+11
-1.19905e+11
-1.2034e+11
-1.20776e+11
-1.21213e+11
-1.21651e+11
-1.2209e+11
-1.2253e+11
-1.2297e+11
-1.23412e+11
-1.23855e+11
-1.24299e+11
-1.24744e+11
-1.2519e+11
-1.25637e+11
-1.26085e+11
-1.26534e+11
-1.26984e+11
-1.27436e+11
-1.27888e+11
-1.28341e+11
-1.28796e+11
-1.29252e+11
-1.29708e+11
-1.30166e+11
-1.30625e+11
-1.31085e+11
-1.31547e+11
-1.32009e+11
-1.32473e+11
-1.32938e+11
-1.33404e+11
-1.33871e+11
-1.3434e+11
-1.34809e+11
-1.3528e+11
-1.35752e+11
-1.36226e+11
-1.36701e+11
-1.37176e+11
-1.37654e+11
-1.38132e+11
-1.38612e+11
-1.39093e+11
-1.39575e+11
-1.40059e+11
-1.40544e+11
-1.41031e+11
-1.41518e+11
-1.42008e+11
-1.42498e+11
-1.4299e+11
-1.43483e+11
-1.43978e+11
-1.44474e+11
-1.44972e+11
-1.45471e+11
-1.45971e+11
-1.46473e+11
-1.46976e+11
-1.47481e+11
-1.47988e+11
-1.48496e+11
-1.49005e+11
-1.49516e+11
-1.50029e+11
-1.50543e+11
-1.51058e+11
-1.51576e+11
-1.52095e+11
-1.52615e+11
-1.53137e+11
-1.53661e+11
-1.54186e+11
-1.54713e+11
-1.55242e+11
-1.55772e+11
-1.56304e+11
-1.56838e+11
-1.57374e+11
-1.57911e+11
-1.5845e+11
-1.58991e+11
-1.59534e+11
-1.60078e+11
-1.60624e+11
-1.61172e+11
-1.61722e+11
-1.62274e+11
-1.62827e+11
-1.63383e+11
-1.6394e+11
-1.645e+11
-1.65061e+11
-1.65624e+11
-1.66189e+11
-1.66756e+11
-1.67325e+11
-1.67896e+11
-1.6847e+11
-1.69045e+11
-1.69622e+11
-1.70201e+11
-1.70783e+11
-1.71366e+11
-1.71952e+11
-1.7254e+11
-1.7313e+11
-1.73722e+11
-1.74316e+11
-1.74912e+11
-1.75511e+11
-1.76112e+11
-1.76715e+11
-1.77321e+11
-1.77929e+11
-1.78539e+11
-1.79151e+11
-1.79766e+11
-1.80383e+11
-1.81003e+11
-1.81625e+11
-1.82249e+11
-1.82876e+11
-1.83506e+11
-1.84137e+11
-1.84772e+11
-1.85409e+11
-1.86048e+11
-1.8669e+11
-1.87335e+11
-1.87982e+11
-1.88632e+11
-1.89284e+11
-1.89939e+11
-1.90597e+11
-1.91258e+11
-1.91921e+11
-1.92587e+11
-1.93256e+11
-1.93927e+11
-1.94602e+11
-1.95279e+11
-1.95959e+11
-1.96642e+11
-1.97328e+11
-1.98017e+11
-1.98709e+11
-1.99404e+11
-2.00101e+11
-2.00802e+11
-2.01506e+11
-2.02213e+11
-2.02923e+11
-2.03637e+11
-2.04353e+11
-2.05073e+11
-2.05795e+11
-2.06521e+11
-2.07251e+11
-2.07983e+11
-2.08719e+11
-2.09458e+11
-2.10201e+11
-2.10946e+11
-2.11696e+11
-2.12449e+11
-2.13205e+11
-2.13964e+11
-2.14728e+11
-2.15494e+11
-2.16265e+11
-2.17039e+11
-2.17816e+11
-2.18597e+11
-2.19382e+11
-2.20171e+11
-2.20963e+11
-2.21759e+11
-2.22559e+11
-2.23363e+11
-2.24171e+11
-2.24982e+11
-2.25797e+11
-2.26617e+11
-2.2744e+11
-2.28268e+11
-2.29099e+11
-2.29934e+11
-2.30774e+11
-2.31618e+11
-2.32465e+11
-2.33318e+11
-2.34174e+11
-2.35034e+11
-2.35899e+11
-2.36768e+11
-2.37642e+11
-2.3852e+11
-2.39402e+11
-2.40289e+11
-2.4118e+11
-2.42076e+11
-2.42977e+11
-2.43882e+11
-2.44791e+11
-2.45705e+11
-2.46624e+11
-2.47548e+11
-2.48477e+11
-2.4941e+11
-2.50348e+11
-2.51291e+11
-2.52239e+11
-2.53192e+11
-2.5415e+11
-2.55113e+11
-2.56081e+11
-2.57054e+11
-2.58032e+11
-2.59015e+11
-2.60004e+11
-2.60998e+11
-2.61997e+11
-2.63001e+11
-2.64011e+11
-2.65026e+11
-2.66047e+11
-2.67073e+11
-2.68105e+11
-2.69142e+11
-2.70185e+11
-2.71233e+11
-2.72288e+11
-2.73347e+11
-2.74413e+11
-2.75485e+11
-2.76562e+11
-2.77645e+11
-2.78734e+11
-2.79829e+11
-2.80931e+11
-2.82038e+11
-2.83151e+11
-2.84271e+11
-2.85396e+11
-2.86528e+11
-2.87666e+11
-2.88811e+11
-2.89962e+11
-2.91119e+11
-2.92283e+11
-2.93453e+11
-2.94629e+11
-2.95813e+11
-2.97003e+11
-2.98199e+11
-2.99403e+11
-3.00613e+11
-3.0183e+11
-3.03054e+11
-3.04284e+11
-3.05522e+11
-3.06767e+11
-3.08019e+11
-3.09277e+11
-3.10543e+11
-3.11817e+11
-3.13097e+11
-3.14385e+11
-3.1568e+11
-3.16982e+11
-3.18292e+11
-3.19609e+11
-3.20934e+11
-3.22267e+11
-3.23607e+11
-3.24954e+11
-3.2631e+11
-3.27673e+11
-3.29044e+11
-3.30423e+11
-3.3181e+11
-3.33205e+11
-3.34608e+11
-3.36019e+11
-3.37438e+11
-3.38865e+11
-3.40301e+11
-3.41745e+11
-3.43197e+11
-3.44657e+11
-3.46126e+11
-3.47604e+11
-3.4909e+11
-3.50585e+11
-3.52088e+11
-3.536e+11
-3.55121e+11
-3.5665e+11
-3.58189e+11
-3.59736e+11
-3.61293e+11
-3.62858e+11
-3.64432e+11
-3.66016e+11
-3.67609e+11
-3.69211e+11
-3.70822e+11
-3.72443e+11
-3.74073e+11
-3.75713e+11
-3.77362e+11
-3.7902e+11
-3.80689e+11
-3.82367e+11
-3.84054e+11
-3.85752e+11
-3.87459e+11
-3.89176e+11
-3.90904e+11
-3.92641e+11
-3.94388e+11
-3.96146e+11
-3.97913e+11
-3.99691e+11
-4.01479e+11
-4.03278e+11
-4.05087e+11
-4.06906e+11
-4.08736e+11
-4.10577e+11
-4.12428e+11
-4.1429e+11
-4.16162e+11
-4.18046e+11
-4.1994e+11
-4.21845e+11
-4.23762e+11
-4.25689e+11
-4.27627e+11
-4.29577e+11
-4.31538e+11
-4.3351e+11
-4.35493e+11
-4.37488e+11
-4.39494e+11
-4.41512e+11
-4.43541e+11
-4.45582e+11
-4.47634e+11
-4.49699e+11
-4.51775e+11
-4.53863e+11
-4.55963e+11
-4.58074e+11
-4.60198e+11
-4.62334e+11
-4.64482e+11
-4.66643e+11
-4.68815e+11
-4.71e+11
-4.73197e+11
-4.75407e+11
-4.77629e+11
-4.79864e+11
-4.82111e+11
-4.84371e+11
-4.86644e+11
-4.8893e+11
-4.91228e+11
-4.93539e+11
-4.95864e+11
-4.98201e+11
-5.00551e+11
-5.02915e+11
-5.05291e+11
-5.07681e+11
-5.10084e+11
-5.12501e+11
-5.14931e+11
-5.17375e+11
-5.19832e+11
-5.22302e+11
-5.24787e+11
-5.27285e+11
-5.29796e+11
-5.32322e+11
-5.34861e+11
-5.37415e+11
-5.39982e+11
-5.42564e+11
-5.45159e+11
-5.47769e+11
-5.50393e+11
-5.53031e+11
-5.55683e+11
-5.5835e+11
-5.61032e+11
-5.63727e+11
-5.66438e+11
-5.69163e+11
-5.71902e+11
-5.74657e+11
-5.77426e+11
-5.80209e+11
-5.83008e+11
-5.85822e+11
-5.8865e+11
-5.91493e+11
-5.94352e+11
-5.97226e+11
-6.00114e+11
-6.03018e+11
-6.05937e+11
-6.08872e+11
-6.11821e+11
-6.14786e+11
-6.17767e+11
-6.20763e+11
-6.23774e+11
-6.26801e+11
-6.29843e+11
-6.32901e+11
-6.35975e+11
-6.39064e+11
-6.42168e+11
-6.45289e+11
-6.48425e+11
-6.51577e+11
-6.54745e+11
-6.57928e+11
-6.61127e+11
-6.64342e+11
-6.67573e+11
-6.70819e+11
-6.74082e+11
-6.7736e+11
-6.80654e+11
-6.83964e+11
-6.87289e+11
-6.90631e+11
-6.93988e+11
-6.97361e+11
-7.0075e+11
-7.04154e+11
-7.07574e+11
-7.1101e+11
-7.14461e+11
-7.17928e+11
-7.2141e+11
-7.24908e+11
-7.28421e+11
-7.3195e+11
-7.35493e+11
-7.39052e+11
-7.42626e+11
-7.46215e+11
-7.49819e+11
-7.53438e+11
-7.57071e+11
-7.60719e+11
-7.64381e+11
-7.68057e+11
-7.71748e+11
-7.75452e+11
-7.7917e+11
-7.82902e+11
-7.86647e+11
-7.90406e+11
-7.94177e+11
-7.97961e+11
-8.01758e+11
-8.05567e+11
-8.09388e+11
-8.1322e+11
-8.17065e+11
-8.2092e+11
-8.24786e+11
-8.28663e+11
-8.3255e+11
-8.36447e+11
-8.40353e+11
-8.44269e+11
-8.48193e+11
-8.52125e+11
-8.56065e+11
-8.60013e+11
-8.63967e+11
-8.67928e+11
-8.71894e+11
-8.75866e+11
-8.79843e+11
-8.83824e+11
-8.87808e+11
-8.91796e+11
-8.95786e+11
-8.99777e+11
-9.0377e+11
-9.07762e+11
-9.11755e+11
-9.15746e+11
-9.19735e+11
-9.23721e+11
-9.27704e+11
-9.31682e+11
-9.35655e+11
-9.39621e+11
-9.4358e+11
-9.47531e+11
-9.51473e+11
-9.55404e+11
-9.59324e+11
-9.63232e+11
-9.67126e+11
-9.71006e+11
-9.74869e+11
-9.78716e+11
-9.82544e+11
-9.86352e+11
-9.9014e+11
-9.93905e+11
-9.97646e+11
-1.00136e+12
-1.00505e+12
-1.00872e+12
-1.01235e+12
-1.01595e+12
-1.01952e+12
-1.02305e+12
-1.02655e+12
-1.03001e+12
-1.03343e+12
-1.03682e+12
-1.04015e+12
-1.04345e+12
-1.04669e+12
-1.04989e+12
-1.05304e+12
-1.05614e+12
-1.05918e+12
-1.06217e+12
-1.0651e+12
-1.06796e+12
-1.07077e+12
-1.07351e+12
-1.07618e+12
-1.07879e+12
-1.08132e+12
-1.08378e+12
-1.08617e+12
-1.08847e+12
-1.0907e+12
-1.09284e+12
-1.0949e+12
-1.09687e+12
-1.09876e+12
-1.10055e+12
-1.10224e+12
-1.10384e+12
-1.10533e+12
-1.10673e+12
-1.10802e+12
-1.1092e+12
-1.11028e+12
-1.11124e+12
-1.11208e+12
-1.11281e+12
-1.11342e+12
-1.1139e+12
-1.11426e+12
-1.11449e+12
-1.11459e+12
-1.11456e+12
-1.11439e+12
-1.11408e+12
-1.11363e+12
-1.11304e+12
-1.1123e+12
-1.11141e+12
-1.11038e+12
-1.10918e+12
-1.10783e+12
-1.10633e+12
-1.10466e+12
-1.10283e+12
-1.10083e+12
-1.09866e+12
-1.09632e+12
-1.09381e+12
-1.09113e+12
-1.08826e+12
-1.08522e+12
-1.082e+12
-1.07859e+12
-1.07499e+12
-1.07121e+12
-1.06724e+12
-1.06308e+12
-1.05872e+12
-1.05417e+12
-1.04942e+12
-1.04447e+12
-1.03933e+12
-1.03398e+12
-1.02843e+12
-1.02267e+12
-1.01671e+12
-1.01054e+12
-1.00417e+12
-9.97584e+11
-9.90791e+11
-9.83787e+11
-9.76572e+11
-9.69146e+11
-9.61507e+11
-9.53656e+11
-9.45592e+11
-9.37314e+11
-9.28823e+11
-9.20118e+11
-9.112e+11
-9.02069e+11
-8.92724e+11
-8.83167e+11
-8.73398e+11
-8.63417e+11
-8.53225e+11
-8.42823e+11
-8.32212e+11
-8.21392e+11
-8.10366e+11
-7.99134e+11
-7.87698e+11
-7.76059e+11
-7.64218e+11
-7.52178e+11
-7.3994e+11
-7.27507e+11
-7.1488e+11
-7.02062e+11
-6.89054e+11
-6.75859e+11
-6.62481e+11
-6.4892e+11
-6.35181e+11
-6.21266e+11
-6.07178e+11
-5.92919e+11
-5.78494e+11
-5.63906e+11
-5.49157e+11
-5.34252e+11
-5.19193e+11
-5.03986e+11
-4.88633e+11
-4.73138e+11
-4.57505e+11
-4.41739e+11
-4.25843e+11
-4.09822e+11
-3.9368e+11
-3.77422e+11
-3.61051e+11
-3.44574e+11
-3.27993e+11
-3.11314e+11
-2.94542e+11
-2.77681e+11
-2.60736e+11
-2.43713e+11
-2.26616e+11
-2.09451e+11
-1.92221e+11
-1.74934e+11
-1.57593e+11
-1.40204e+11
-1.22773e+11
-1.05303e+11
-8.78022e+10
-7.0274e+10
-5.27243e+10
-3.51585e+10
-1.7582e+10
-0.00379525
