2048 1 1
2.00023e-10 2.30966e-10 3.26636e-10
25.8829
25.882
25.8795
25.8752
25.8692
25.8614
25.852
25.8408
25.828
25.8135
25.7972
25.7793
25.7596
25.7383
25.7154
25.6907
25.6644
25.6364
25.6068
25.5756
25.5427
25.5083
25.4722
25.4345
25.3953
25.3544
25.312
25.2681
25.2226
25.1756
25.1271
25.0772
25.0257
24.9727
24.9184
24.8625
24.8053
24.7467
24.6867
24.6253
24.5625
24.4985
24.4331
24.3664
24.2984
24.2292
24.1587
24.087
24.0141
23.94
23.8648
23.7884
23.7108
23.6322
23.5525
23.4717
23.3898
23.307
23.2231
23.1382
23.0524
22.9656
22.878
22.7894
22.6999
22.6096
22.5184
22.4264
22.3336
22.24
22.1457
22.0506
21.9548
21.8584
21.7612
21.6634
21.565
21.4659
21.3663
21.2661
21.1653
21.064
20.9622
20.8599
20.7571
20.6539
20.5502
20.4461
20.3417
20.2368
20.1316
20.026
19.9201
19.8139
19.7074
19.6007
19.4937
19.3864
19.279
19.1713
19.0635
18.9554
18.8473
18.7389
18.6305
18.5219
18.4133
18.3046
18.1958
18.0869
17.9781
17.8692
17.7602
17.6513
17.5424
17.4336
17.3248
17.216
17.1073
16.9987
16.8901
16.7817
16.6734
16.5651
16.4571
16.3491
16.2414
16.1337
16.0263
15.919
15.8119
15.705
15.5983
15.4919
15.3856
15.2796
15.1738
15.0683
14.963
14.858
14.7532
14.6487
14.5445
14.4406
14.3369
14.2336
14.1305
14.0278
13.9253
13.8232
13.7214
13.6199
13.5188
13.418
13.3175
13.2174
13.1176
13.0181
12.919
12.8203
12.7219
12.6239
12.5262
12.4289
12.332
12.2354
12.1392
12.0434
11.9479
11.8528
11.7582
11.6638
11.5699
11.4764
11.3832
11.2904
11.198
11.106
11.0144
10.9232
10.8323
10.7419
10.6518
10.5621
10.4728
10.3839
10.2954
10.2073
10.1196
10.0322
9.94529
9.85874
9.77257
9.68679
9.6014
9.51639
9.43178
9.34755
9.26371
9.18025
9.09717
9.01448
8.93218
8.85025
8.76871
8.68755
8.60676
8.52636
8.44633
8.36668
8.2874
8.2085
8.12997
8.05181
7.97402
7.89661
7.81956
7.74287
7.66655
7.5906
7.515
7.43977
7.3649
7.29039
7.21623
7.14244
7.06899
6.9959
6.92316
6.85077
6.77872
6.70703
6.63568
6.56467
6.49401
6.42369
6.3537
6.28406
6.21475
6.14578
6.07714
6.00883
5.94085
5.8732
5.80588
5.73888
5.67221
5.60586
5.53983
5.47413
5.40874
5.34366
5.2789
5.21446
5.15032
5.0865
5.02298
4.95978
4.89688
4.83428
4.77198
4.70999
4.64829
4.5869
4.5258
4.46499
4.40448
4.34426
4.28433
4.22469
4.16534
4.10627
4.04749
3.98899
3.93078
3.87284
3.81518
3.7578
3.70069
3.64386
3.5873
3.53101
3.47499
3.41925
3.36376
3.30855
3.25359
3.1989
3.14447
3.0903
3.03639
2.98274
2.92934
2.8762
2.82331
2.77067
2.71828
2.66614
2.61425
2.5626
2.5112
2.46004
2.40913
2.35845
2.30802
2.25782
2.20786
2.15813
2.10864
2.05938
2.01036
1.96156
1.91299
1.86465
1.81654
1.76865
1.72099
1.67355
1.62633
1.57933
1.53255
1.48598
1.43964
1.39351
1.34759
1.30188
1.25639
1.21111
1.16604
1.12117
1.07652
1.03206
0.987817
0.943773
0.899932
0.856292
0.812851
0.76961
0.726566
0.683719
0.641067
0.59861
0.556346
0.514274
0.472394
0.430703
0.389201
0.347886
0.306759
0.265817
0.22506
0.184486
0.144095
0.103885
0.0638553
0.0240051
-0.0156669
-0.0551615
-0.0944799
-0.133623
-0.172592
-0.211388
-0.250011
-0.288463
-0.326745
-0.364858
-0.402802
-0.44058
-0.47819
-0.515636
-0.552917
-0.590034
-0.626989
-0.663782
-0.700415
-0.736888
-0.773202
-0.809358
-0.845357
-0.8812
-0.916888
-0.952421
-0.987802
-1.02303
-1.05811
-1.09303
-1.12781
-1.16243
-1.19691
-1.23124
-1.26543
-1.29946
-1.33336
-1.36711
-1.40071
-1.43418
-1.4675
-1.50068
-1.53373
-1.56663
-1.5994
-1.63202
-1.66451
-1.69687
-1.72909
-1.76117
-1.79313
-1.82495
-1.85663
-1.88819
-1.91961
-1.95091
-1.98207
-2.01311
-2.04402
-2.07481
-2.10546
-2.136
-2.1664
-2.19668
-2.22684
-2.25688
-2.2868
-2.31659
-2.34626
-2.37582
-2.40525
-2.43456
-2.46376
-2.49284
-2.52181
-2.55065
-2.57939
-2.608
-2.63651
-2.6649
-2.69317
-2.72134
-2.74939
-2.77734
-2.80517
-2.83289
-2.8605
-2.88801
-2.91541
-2.9427
-2.96988
-2.99696
-3.02393
-3.0508
-3.07756
-3.10422
-3.13077
-3.15722
-3.18357
-3.20982
-3.23597
-3.26202
-3.28796
-3.31381
-3.33956
-3.36521
-3.39076
-3.41622
-3.44157
-3.46684
-3.492
-3.51707
-3.54205
-3.56693
-3.59172
-3.61641
-3.64101
-3.66552
-3.68994
-3.71426
-3.7385
-3.76264
-3.7867
-3.81066
-3.83454
-3.85832
-3.88202
-3.90563
-3.92915
-3.95259
-3.97594
-3.99921
-4.02238
-4.04548
-4.06849
-4.09141
-4.11425
-4.13701
-4.15968
-4.18227
-4.20478
-4.22721
-4.24955
-4.27182
-4.294
-4.31611
-4.33813
-4.36008
-4.38194
-4.40373
-4.42544
-4.44707
-4.46862
-4.49009
-4.51149
-4.53282
-4.55406
-4.57523
-4.59633
-4.61735
-4.63829
-4.65916
-4.67996
-4.70068
-4.72133
-4.74191
-4.76241
-4.78284
-4.8032
-4.82349
-4.8437
-4.86385
-4.88392
-4.90392
-4.92386
-4.94372
-4.96352
-4.98324
-5.0029
-5.02248
-5.042
-5.06145
-5.08084
-5.10015
-5.1194
-5.13858
-5.1577
-5.17674
-5.19573
-5.21464
-5.23349
-5.25228
-5.271
-5.28966
-5.30825
-5.32678
-5.34524
-5.36364
-5.38198
-5.40025
-5.41846
-5.43661
-5.4547
-5.47272
-5.49069
-5.50859
-5.52643
-5.5442
-5.56192
-5.57958
-5.59717
-5.61471
-5.63218
-5.6496
-5.66696
-5.68425
-5.70149
-5.71867
-5.73579
-5.75286
-5.76986
-5.78681
-5.80369
-5.82053
-5.8373
-5.85402
-5.87068
-5.88728
-5.90382
-5.92031
-5.93675
-5.95313
-5.96945
-5.98572
-6.00193
-6.01808
-6.03419
-6.05023
-6.06622
-6.08216
-6.09805
-6.11388
-6.12965
-6.14537
-6.16104
-6.17666
-6.19222
-6.20773
-6.22319
-6.23859
-6.25394
-6.26924
-6.28449
-6.29968
-6.31483
-6.32992
-6.34496
-6.35995
-6.37489
-6.38978
-6.40461
-6.4194
-6.43413
-6.44882
-6.46345
-6.47804
-6.49257
-6.50706
-6.52149
-6.53588
-6.55022
-6.56451
-6.57875
-6.59294
-6.60708
-6.62117
-6.63522
-6.64921
-6.66316
-6.67706
-6.69091
-6.70472
-6.71847
-6.73218
-6.74585
-6.75946
-6.77303
-6.78655
-6.80002
-6.81345
-6.82683
-6.84017
-6.85346
-6.8667
-6.87989
-6.89304
-6.90615
-6.91921
-6.93222
-6.94519
-6.95811
-6.97098
-6.98382
-6.9966
-7.00934
-7.02204
-7.03469
-7.0473
-7.05986
-7.07238
-7.08486
-7.09729
-7.10967
-7.12202
-7.13431
-7.14657
-7.15878
-7.17095
-7.18307
-7.19515
-7.20719
-7.21919
-7.23114
-7.24305
-7.25491
-7.26673
-7.27851
-7.29025
-7.30195
-7.3136
-7.32521
-7.33678
-7.34831
-7.35979
-7.37123
-7.38263
-7.39399
-7.40531
-7.41659
-7.42782
-7.43901
-7.45017
-7.46128
-7.47235
-7.48337
-7.49436
-7.50531
-7.51621
-7.52708
-7.5379
-7.54869
-7.55943
-7.57013
-7.5808
-7.59142
-7.602
-7.61254
-7.62304
-7.63351
-7.64393
-7.65431
-7.66465
-7.67496
-7.68522
-7.69544
-7.70563
-7.71577
-7.72588
-7.73595
-7.74597
-7.75596
-7.76591
-7.77582
-7.78569
-7.79553
-7.80532
-7.81508
-7.82479
-7.83447
-7.84411
-7.85371
-7.86328
-7.8728
-7.88229
-7.89174
-7.90115
-7.91052
-7.91985
-7.92915
-7.93841
-7.94763
-7.95681
-7.96596
-7.97507
-7.98414
-7.99317
-8.00216
-8.01112
-8.02004
-8.02893
-8.03777
-8.04658
-8.05535
-8.06409
-8.07278
-8.08144
-8.09007
-8.09866
-8.10721
-8.11572
-8.1242
-8.13264
-8.14104
-8.14941
-8.15774
-8.16603
-8.17429
-8.18251
-8.19069
-8.19884
-8.20696
-8.21503
-8.22307
-8.23108
-8.23905
-8.24698
-8.25487
-8.26274
-8.27056
-8.27835
-8.2861
-8.29382
-8.3015
-8.30915
-8.31676
-8.32434
-8.33188
-8.33938
-8.34685
-8.35428
-8.36168
-8.36904
-8.37637
-8.38367
-8.39092
-8.39815
-8.40533
-8.41249
-8.4196
-8.42669
-8.43373
-8.44075
-8.44773
-8.45467
-8.46158
-8.46845
-8.47529
-8.4821
-8.48887
-8.4956
-8.5023
-8.50897
-8.5156
-8.5222
-8.52876
-8.53529
-8.54179
-8.54825
-8.55467
-8.56106
-8.56742
-8.57375
-8.58004
-8.58629
-8.59251
-8.5987
-8.60485
-8.61097
-8.61706
-8.62311
-8.62913
-8.63511
-8.64106
-8.64698
-8.65286
-8.65871
-8.66453
-8.67031
-8.67606
-8.68177
-8.68745
-8.6931
-8.69872
-8.7043
-8.70985
-8.71536
-8.72084
-8.72629
-8.7317
-8.73708
-8.74243
-8.74774
-8.75303
-8.75827
-8.76349
-8.76867
-8.77382
-8.77893
-8.78402
-8.78907
-8.79408
-8.79907
-8.80402
-8.80893
-8.81382
-8.81867
-8.82349
-8.82827
-8.83303
-8.83775
-8.84244
-8.84709
-8.85171
-8.8563
-8.86086
-8.86538
-8.86988
-8.87433
-8.87876
-8.88315
-8.88752
-8.89185
-8.89614
-8.90041
-8.90464
-8.90884
-8.913
-8.91714
-8.92124
-8.92531
-8.92934
-8.93335
-8.93732
-8.94126
-8.94517
-8.94905
-8.95289
-8.9567
-8.96048
-8.96423
-8.96794
-8.97162
-8.97527
-8.97889
-8.98248
-8.98603
-8.98955
-8.99304
-8.9965
-8.99993
-9.00332
-9.00668
-9.01001
-9.01331
-9.01658
-9.01981
-9.02302
-9.02619
-9.02932
-9.03243
-9.03551
-9.03855
-9.04156
-9.04454
-9.04749
-9.0504
-9.05329
-9.05614
-9.05896
-9.06175
-9.06451
-9.06723
-9.06993
-9.07259
-9.07522
-9.07782
-9.08039
-9.08292
-9.08543
-9.0879
-9.09034
-9.09275
-9.09513
-9.09747
-9.09979
-9.10207
-9.10432
-9.10654
-9.10873
-9.11089
-9.11302
-9.11511
-9.11717
-9.1192
-9.1212
-9.12317
-9.12511
-9.12702
-9.12889
-9.13073
-9.13254
-9.13432
-9.13607
-9.13779
-9.13948
-9.14113
-9.14275
-9.14435
-9.14591
-9.14744
-9.14893
-9.1504
-9.15183
-9.15324
-9.15461
-9.15595
-9.15726
-9.15854
-9.15979
-9.16101
-9.16219
-9.16334
-9.16447
-9.16556
-9.16662
-9.16765
-9.16865
-9.16961
-9.17055
-9.17145
-9.17232
-9.17317
-9.17398
-9.17476
-9.1755
-9.17622
-9.17691
-9.17756
-9.17818
-9.17878
-9.17934
-9.17987
-9.18036
-9.18083
-9.18127
-9.18167
-9.18205
-9.18239
-9.1827
-9.18298
-9.18323
-9.18345
-9.18364
-9.18379
-9.18392
-9.18401
-9.18407
-9.1841
-9.1841
-9.18407
-9.18401
-9.18392
-9.18379
-9.18364
-9.18345
-9.18323
-9.18298
-9.1827
-9.18239
-9.18205
-9.18167
-9.18127
-9.18083
-9.18036
-9.17987
-9.17934
-9.17878
-9.17818
-9.17756
-9.17691
-9.17622
-9.1755
-9.17476
-9.17398
-9.17317
-9.17232
-9.17145
-9.17055
-9.16961
-9.16865
-9.16765
-9.16662
-9.16556
-9.16447
-9.16334
-9.16219
-9.16101
-9.15979
-9.15854
-9.15726
-9.15595
-9.15461
-9.15324
-9.15183
-9.1504
-9.14893
-9.14744
-9.14591
-9.14435
-9.14275
-9.14113
-9.13948
-9.13779
-9.13607
-9.13432
-9.13254
-9.13073
-9.12889
-9.12702
-9.12511
-9.12317
-9.1212
-9.1192
-9.11717
-9.11511
-9.11302
-9.11089
-9.10873
-9.10654
-9.10432
-9.10207
-9.09979
-9.09747
-9.09513
-9.09275
-9.09034
-9.0879
-9.08543
-9.08292
-9.08039
-9.07782
-9.07522
-9.07259
-9.06993
-9.06723
-9.06451
-9.06175
-9.05896
-9.05614
-9.05329
-9.0504
-9.04749
-9.04454
-9.04156
-9.03855
-9.03551
-9.03243
-9.02932
-9.02619
-9.02302
-9.01981
-9.01658
-9.01331
-9.01001
-9.00668
-9.00332
-8.99993
-8.9965
-8.99304
-8.98955
-8.98603
-8.98248
-8.97889
-8.97527
-8.97162
-8.96794
-8.96423
-8.96048
-8.9567
-8.95289
-8.94905
-8.94517
-8.94126
-8.93732
-8.93335
-8.92934
-8.92531
-8.92124
-8.91714
-8.913
-8.90884
-8.90464
-8.90041
-8.89614
-8.89185
-8.88752
-8.88315
-8.87876
-8.87433
-8.86988
-8.86538
-8.86086
-8.8563
-8.85171
-8.84709
-8.84244
-8.83775
-8.83303
-8.82827
-8.82349
-8.81867
-8.81382
-8.80893
-8.80402
-8.79907
-8.79408
-8.78907
-8.78402
-8.77893
-8.77382
-8.76867
-8.76349
-8.75827
-8.75303
-8.74774
-8.74243
-8.73708
-8.7317
-8.72629
-8.72084
-8.71536
-8.70985
-8.7043
-8.69872
-8.6931
-8.68745
-8.68177
-8.67606
-8.67031
-8.66453
-8.65871
-8.65286
-8.64698
-8.64106
-8.63511
-8.62913
-8.62311
-8.61706
-8.61097
-8.60485
-8.5987
-8.59251
-8.58629
-8.58004
-8.57375
-8.56742
-8.56106
-8.55467
-8.54825
-8.54179
-8.53529
-8.52876
-8.5222
-8.5156
-8.50897
-8.5023
-8.4956
-8.48887
-8.4821
-8.47529
-8.46845
-8.46158
-8.45467
-8.44773
-8.44075
-8.43373
-8.42669
-8.4196
-8.41249
-8.40533
-8.39815
-8.39092
-8.38367
-8.37637
-8.36904
-8.36168
-8.35428
-8.34685
-8.33938
-8.33188
-8.32434
-8.31676
-8.30915
-8.3015
-8.29382
-8.2861
-8.27835
-8.27056
-8.26274
-8.25487
-8.24698
-8.23905
-8.23108
-8.22307
-8.21503
-8.20696
-8.19884
-8.19069
-8.18251
-8.17429
-8.16603
-8.15774
-8.14941
-8.14104
-8.13264
-8.1242
-8.11572
-8.10721
-8.09866
-8.09007
-8.08144
-8.07278
-8.06409
-8.05535
-8.04658
-8.03777
-8.02893
-8.02004
-8.01112
-8.00216
-7.99317
-7.98414
-7.97507
-7.96596
-7.95681
-7.94763
-7.93841
-7.92915
-7.91985
-7.91052
-7.90115
-7.89174
-7.88229
-7.8728
-7.86328
-7.85371
-7.84411
-7.83447
-7.82479
-7.81508
-7.80532
-7.79553
-7.78569
-7.77582
-7.76591
-7.75596
-7.74597
-7.73595
-7.72588
-7.71577
-7.70563
-7.69544
-7.68522
-7.67496
-7.66465
-7.65431
-7.64393
-7.63351
-7.62304
-7.61254
-7.602
-7.59142
-7.5808
-7.57013
-7.55943
-7.54869
-7.5379
-7.52708
-7.51621
-7.50531
-7.49436
-7.48337
-7.47235
-7.46128
-7.45017
-7.43901
-7.42782
-7.41659
-7.40531
-7.39399
-7.38263
-7.37123
-7.35979
-7.34831
-7.33678
-7.32521
-7.3136
-7.30195
-7.29025
-7.27851
-7.26673
-7.25491
-7.24305
-7.23114
-7.21919
-7.20719
-7.19515
-7.18307
-7.17095
-7.15878
-7.14657
-7.13431
-7.12202
-7.10967
-7.09729
-7.08486
-7.07238
-7.05986
-7.0473
-7.03469
-7.02204
-7.00934
-6.9966
-6.98382
-6.97098
-6.95811
-6.94519
-6.93222
-6.91921
-6.90615
-6.89304
-6.87989
-6.8667
-6.85346
-6.84017
-6.82683
-6.81345
-6.80002
-6.78655
-6.77303
-6.75946
-6.74585
-6.73218
-6.71847
-6.70472
-6.69091
-6.67706
-6.66316
-6.64921
-6.63522
-6.62117
-6.60708
-6.59294
-6.57875
-6.56451
-6.55022
-6.53588
-6.52149
-6.50706
-6.49257
-6.47804
-6.46345
-6.44882
-6.43413
-6.4194
-6.40461
-6.38978
-6.37489
-6.35995
-6.34496
-6.32992
-6.31483
-6.29968
-6.28449
-6.26924
-6.25394
-6.23859
-6.22319
-6.20773
-6.19222
-6.17666
-6.16104
-6.14537
-6.12965
-6.11388
-6.09805
-6.08216
-6.06622
-6.05023
-6.03419
-6.01808
-6.00193
-5.98572
-5.96945
-5.95313
-5.93675
-5.92031
-5.90382
-5.88728
-5.87068
-5.85402
-5.8373
-5.82053
-5.80369
-5.78681
-5.76986
-5.75286
-5.73579
-5.71867
-5.70149
-5.68425
-5.66696
-5.6496
-5.63218
-5.61471
-5.59717
-5.57958
-5.56192
-5.5442
-5.52643
-5.50859
-5.49069
-5.47272
-5.4547
-5.43661
-5.41846
-5.40025
-5.38198
-5.36364
-5.34524
-5.32678
-5.30825
-5.28966
-5.271
-5.25228
-5.23349
-5.21464
-5.19573
-5.17674
-5.1577
-5.13858
-5.1194
-5.10015
-5.08084
-5.06145
-5.042
-5.02248
-5.0029
-4.98324
-4.96352
-4.94372
-4.92386
-4.90392
-4.88392
-4.86385
-4.8437
-4.82349
-4.8032
-4.78284
-4.76241
-4.74191
-4.72133
-4.70068
-4.67996
-4.65916
-4.63829
-4.61735
-4.59633
-4.57523
-4.55406
-4.53282
-4.51149
-4.49009
-4.46862
-4.44707
-4.42544
-4.40373
-4.38194
-4.36008
-4.33813
-4.31611
-4.294
-4.27182
-4.24955
-4.22721
-4.20478
-4.18227
-4.15968
-4.13701
-4.11425
-4.09141
-4.06849
-4.04548
-4.02238
-3.99921
-3.97594
-3.95259
-3.92915
-3.90563
-3.88202
-3.85832
-3.83454
-3.81066
-3.7867
-3.76264
-3.7385
-3.71426
-3.68994
-3.66552
-3.64101
-3.61641
-3.59172
-3.56693
-3.54205
-3.51707
-3.492
-3.46684
-3.44157
-3.41622
-3.39076
-3.36521
-3.33956
-3.31381
-3.28796
-3.26202
-3.23597
-3.20982
-3.18357
-3.15722
-3.13077
-3.10422
-3.07756
-3.0508
-3.02393
-2.99696
-2.96988
-2.9427
-2.91541
-2.88801
-2.8605
-2.83289
-2.80517
-2.77734
-2.74939
-2.72134
-2.69317
-2.6649
-2.63651
-2.608
-2.57939
-2.55065
-2.52181
-2.49284
-2.46376
-2.43456
-2.40525
-2.37582
-2.34626
-2.31659
-2.2868
-2.25688
-2.22684
-2.19668
-2.1664
-2.136
-2.10546
-2.07481
-2.04402
-2.01311
-1.98207
-1.95091
-1.91961
-1.88819
-1.85663
-1.82495
-1.79313
-1.76117
-1.72909
-1.69687
-1.66451
-1.63202
-1.5994
-1.56663
-1.53373
-1.50068
-1.4675
-1.43418
-1.40071
-1.36711
-1.33336
-1.29946
-1.26543
-1.23124
-1.19691
-1.16243
-1.12781
-1.09303
-1.05811
-1.02303
-0.987802
-0.952421
-0.916888
-0.8812
-0.845357
-0.809358
-0.773202
-0.736888
-0.700415
-0.663782
-0.626989
-0.590034
-0.552917
-0.515636
-0.47819
-0.44058
-0.402802
-0.364858
-0.326745
-0.288463
-0.250011
-0.211388
-0.172592
-0.133623
-0.0944799
-0.0551615
-0.0156669
0.0240051
0.0638553
0.103885
0.144095
0.184486
0.22506
0.265817
0.306759
0.347886
0.389201
0.430703
0.472394
0.514274
0.556346
0.59861
0.641067
0.683719
0.726566
0.76961
0.812851
0.856292
0.899932
0.943773
0.987817
1.03206
1.07652
1.12117
1.16604
1.21111
1.25639
1.30188
1.34759
1.39351
1.43964
1.48598
1.53255
1.57933
1.62633
1.67355
1.72099
1.76865
1.81654
1.86465
1.91299
1.96156
2.01036
2.05938
2.10864
2.15813
2.20786
2.25782
2.30802
2.35845
2.40913
2.46004
2.5112
2.5626
2.61425
2.66614
2.71828
2.77067
2.82331
2.8762
2.92934
2.98274
3.03639
3.0903
3.14447
3.1989
3.25359
3.30855
3.36376
3.41925
3.47499
3.53101
3.5873
3.64386
3.70069
3.7578
3.81518
3.87284
3.93078
3.98899
4.04749
4.10627
4.16534
4.22469
4.28433
4.34426
4.40448
4.46499
4.5258
4.5869
4.64829
4.70999
4.77198
4.83428
4.89688
4.95978
5.02298
5.0865
5.15032
5.21446
5.2789
5.34366
5.40874
5.47413
5.53983
5.60586
5.67221
5.73888
5.80588
5.8732
5.94085
6.00883
6.07714
6.14578
6.21475
6.28406
6.3537
6.42369
6.49401
6.56467
6.63568
6.70703
6.77872
6.85077
6.92316
6.9959
7.06899
7.14244
7.21623
7.29039
7.3649
7.43977
7.515
7.5906
7.66655
7.74287
7.81956
7.89661
7.97402
8.05181
8.12997
8.2085
8.2874
8.36668
8.44633
8.52636
8.60676
8.68755
8.76871
8.85025
8.93218
9.01448
9.09717
9.18025
9.26371
9.34755
9.43178
9.51639
9.6014
9.68679
9.77257
9.85874
9.94529
10.0322
10.1196
10.2073
10.2954
10.3839
10.4728
10.5621
10.6518
10.7419
10.8323
10.9232
11.0144
11.106
11.198
11.2904
11.3832
11.4764
11.5699
11.6638
11.7582
11.8528
11.9479
12.0434
12.1392
12.2354
12.332
12.4289
12.5262
12.6239
12.7219
12.8203
12.919
13.0181
13.1176
13.2174
13.3175
13.418
13.5188
13.6199
13.7214
13.8232
13.9253
14.0278
14.1305
14.2336
14.3369
14.4406
14.5445
14.6487
14.7532
14.858
14.963
15.0683
15.1738
15.2796
15.3856
15.4919
15.5983
15.705
15.8119
15.919
16.0263
16.1337
16.2414
16.3491
16.4571
16.5651
16.6734
16.7817
16.8901
16.9987
17.1073
17.216
17.3248
17.4336
17.5424
17.6513
17.7602
17.8692
17.9781
18.0869
18.1958
18.3046
18.4133
18.5219
18.6305
18.7389
18.8473
18.9554
19.0635
19.1713
19.279
19.3864
19.4937
19.6007
19.7074
19.8139
19.9201
20.026
20.1316
20.2368
20.3417
20.4461
20.5502
20.6539
20.7571
20.8599
20.9622
21.064
21.1653
21.2661
21.3663
21.4659
21.565
21.6634
21.7612
21.8584
21.9548
22.0506
22.1457
22.24
22.3336
22.4264
22.5184
22.6096
22.6999
22.7894
22.878
22.9656
23.0524
23.1382
23.2231
23.307
23.3898
23.4717
23.5525
23.6322
23.7108
23.7884
23.8648
23.94
24.0141
24.087
24.1587
24.2292
24.2984
24.3664
24.4331
24.4985
24.5625
24.6253
24.6867
24.7467
24.8053
24.8625
24.9184
24.9727
25.0257
25.0772
25.1271
25.1756
25.2226
25.2681
25.312
25.3544
25.3953
25.4345
25.4722
25.5083
25.5427
25.5756
25.6068
25.6364
25.6644
25.6907
25.7154
25.7383
25.7596
25.7793
25.7972
25.8135
25.828
25.8408
25.852
25.8614
25.8692
25.8752
25.8795
25.882
25.8829
