2048 1 1
1.41437e-10 2.30966e-10 3.26636e-10
-0.00114401
8.74128e+09
1.74812e+10
2.62185e+10
3.49517e+10
4.36795e+10
5.24006e+10
6.11136e+10
6.98172e+10
7.85101e+10
8.7191e+10
9.58584e+10
1.04511e+11
1.13148e+11
1.21767e+11
1.30368e+11
1.38949e+11
1.47508e+11
1.56045e+11
1.64559e+11
1.73047e+11
1.81509e+11
1.89943e+11
1.98348e+11
2.06724e+11
2.15068e+11
2.2338e+11
2.31658e+11
2.39901e+11
2.48108e+11
2.56278e+11
2.6441e+11
2.72502e+11
2.80553e+11
2.88563e+11
2.9653e+11
3.04453e+11
3.12331e+11
3.20163e+11
3.27948e+11
3.35685e+11
3.43373e+11
3.51011e+11
3.58598e+11
3.66132e+11
3.73614e+11
3.81042e+11
3.88415e+11
3.95732e+11
4.02993e+11
4.10197e+11
4.17342e+11
4.24428e+11
4.31454e+11
4.3842e+11
4.45324e+11
4.52166e+11
4.58946e+11
4.65662e+11
4.72313e+11
4.789e+11
4.85421e+11
4.91876e+11
4.98264e+11
5.04585e+11
5.10838e+11
5.17022e+11
5.23138e+11
5.29184e+11
5.3516e+11
5.41066e+11
5.46901e+11
5.52664e+11
5.58356e+11
5.63976e+11
5.69523e+11
5.74998e+11
5.80399e+11
5.85727e+11
5.90982e+11
5.96163e+11
6.01269e+11
6.06301e+11
6.11259e+11
6.16141e+11
6.20949e+11
6.25682e+11
6.30339e+11
6.34922e+11
6.39429e+11
6.4386e+11
6.48216e+11
6.52497e+11
6.56702e+11
6.60832e+11
6.64886e+11
6.68864e+11
6.72768e+11
6.76596e+11
6.80349e+11
6.84027e+11
6.87629e+11
6.91158e+11
6.94611e+11
6.9799e+11
7.01295e+11
7.04526e+11
7.07683e+11
7.10767e+11
7.13777e+11
7.16714e+11
7.19579e+11
7.22371e+11
7.25091e+11
7.27739e+11
7.30316e+11
7.32822e+11
7.35257e+11
7.37621e+11
7.39916e+11
7.42142e+11
7.44298e+11
7.46385e+11
7.48405e+11
7.50356e+11
7.5224e+11
7.54058e+11
7.55809e+11
7.57494e+11
7.59114e+11
7.60669e+11
7.6216e+11
7.63586e+11
7.6495e+11
7.66251e+11
7.6749e+11
7.68667e+11
7.69783e+11
7.70838e+11
7.71834e+11
7.7277e+11
7.73648e+11
7.74467e+11
7.75229e+11
7.75934e+11
7.76583e+11
7.77176e+11
7.77714e+11
7.78198e+11
7.78627e+11
7.79004e+11
7.79328e+11
7.796e+11
7.79821e+11
7.79991e+11
7.80111e+11
7.80182e+11
7.80204e+11
7.80178e+11
7.80105e+11
7.79985e+11
7.79819e+11
7.79607e+11
7.79351e+11
7.7905e+11
7.78706e+11
7.78319e+11
7.7789e+11
7.77419e+11
7.76908e+11
7.76356e+11
7.75764e+11
7.75134e+11
7.74465e+11
7.73759e+11
7.73015e+11
7.72235e+11
7.7142e+11
7.70569e+11
7.69684e+11
7.68764e+11
7.67812e+11
7.66827e+11
7.65809e+11
7.64761e+11
7.63681e+11
7.62571e+11
7.61432e+11
7.60263e+11
7.59066e+11
7.57841e+11
7.56589e+11
7.5531e+11
7.54005e+11
7.52675e+11
7.51319e+11
7.49939e+11
7.48535e+11
7.47108e+11
7.45657e+11
7.44185e+11
7.42691e+11
7.41175e+11
7.39639e+11
7.38082e+11
7.36506e+11
7.34911e+11
7.33297e+11
7.31664e+11
7.30014e+11
7.28347e+11
7.26663e+11
7.24962e+11
7.23246e+11
7.21514e+11
7.19768e+11
7.18007e+11
7.16232e+11
7.14443e+11
7.12641e+11
7.10826e+11
7.08999e+11
7.0716e+11
7.05309e+11
7.03447e+11
7.01575e+11
6.99692e+11
6.97798e+11
6.95896e+11
6.93984e+11
6.92063e+11
6.90133e+11
6.88196e+11
6.8625e+11
6.84297e+11
6.82337e+11
6.80369e+11
6.78396e+11
6.76416e+11
6.7443e+11
6.72438e+11
6.70441e+11
6.68439e+11
6.66432e+11
6.64421e+11
6.62405e+11
6.60386e+11
6.58363e+11
6.56336e+11
6.54307e+11
6.52274e+11
6.50239e+11
6.48201e+11
6.46161e+11
6.44119e+11
6.42076e+11
6.40031e+11
6.37984e+11
6.35937e+11
6.33888e+11
6.31839e+11
6.29789e+11
6.27739e+11
6.25689e+11
6.23639e+11
6.2159e+11
6.1954e+11
6.17491e+11
6.15443e+11
6.13396e+11
6.1135e+11
6.09306e+11
6.07262e+11
6.0522e+11
6.0318e+11
6.01142e+11
5.99105e+11
5.97071e+11
5.95039e+11
5.93009e+11
5.90981e+11
5.88956e+11
5.86934e+11
5.84915e+11
5.82898e+11
5.80885e+11
5.78875e+11
5.76867e+11
5.74864e+11
5.72863e+11
5.70866e+11
5.68873e+11
5.66883e+11
5.64897e+11
5.62915e+11
5.60937e+11
5.58963e+11
5.56992e+11
5.55026e+11
5.53065e+11
5.51107e+11
5.49154e+11
5.47205e+11
5.4526e+11
5.4332e+11
5.41385e+11
5.39454e+11
5.37528e+11
5.35607e+11
5.3369e+11
5.31778e+11
5.29871e+11
5.27969e+11
5.26072e+11
5.2418e+11
5.22293e+11
5.20411e+11
5.18533e+11
5.16661e+11
5.14795e+11
5.12933e+11
5.11076e+11
5.09225e+11
5.07379e+11
5.05539e+11
5.03703e+11
5.01873e+11
5.00048e+11
4.98229e+11
4.96415e+11
4.94606e+11
4.92803e+11
4.91005e+11
4.89213e+11
4.87426e+11
4.85644e+11
4.83868e+11
4.82098e+11
4.80333e+11
4.78573e+11
4.76819e+11
4.75071e+11
4.73328e+11
4.71591e+11
4.69859e+11
4.68132e+11
4.66412e+11
4.64696e+11
4.62987e+11
4.61283e+11
4.59584e+11
4.57891e+11
4.56204e+11
4.54522e+11
4.52845e+11
4.51174e+11
4.49509e+11
4.47849e+11
4.46195e+11
4.44547e+11
4.42904e+11
4.41266e+11
4.39634e+11
4.38007e+11
4.36386e+11
4.34771e+11
4.33161e+11
4.31556e+11
4.29957e+11
4.28364e+11
4.26776e+11
4.25193e+11
4.23616e+11
4.22044e+11
4.20478e+11
4.18917e+11
4.17362e+11
4.15812e+11
4.14267e+11
4.12728e+11
4.11194e+11
4.09666e+11
4.08143e+11
4.06625e+11
4.05113e+11
4.03606e+11
4.02104e+11
4.00608e+11
3.99117e+11
3.97631e+11
3.9615e+11
3.94675e+11
3.93205e+11
3.9174e+11
3.9028e+11
3.88826e+11
3.87377e+11
3.85933e+11
3.84494e+11
3.83061e+11
3.81632e+11
3.80209e+11
3.7879e+11
3.77377e+11
3.75969e+11
3.74566e+11
3.73168e+11
3.71776e+11
3.70388e+11
3.69005e+11
3.67627e+11
3.66255e+11
3.64887e+11
3.63524e+11
3.62166e+11
3.60813e+11
3.59465e+11
3.58122e+11
3.56784e+11
3.55451e+11
3.54123e+11
3.52799e+11
3.5148e+11
3.50167e+11
3.48858e+11
3.47553e+11
3.46254e+11
3.44959e+11
3.4367e+11
3.42384e+11
3.41104e+11
3.39828e+11
3.38557e+11
3.37291e+11
3.3603e+11
3.34773e+11
3.3352e+11
3.32273e+11
3.3103e+11
3.29791e+11
3.28557e+11
3.27328e+11
3.26103e+11
3.24883e+11
3.23667e+11
3.22456e+11
3.21249e+11
3.20047e+11
3.1885e+11
3.17656e+11
3.16468e+11
3.15283e+11
3.14103e+11
3.12928e+11
3.11756e+11
3.1059e+11
3.09427e+11
3.08269e+11
3.07115e+11
3.05966e+11
3.0482e+11
3.0368e+11
3.02543e+11
3.0141e+11
3.00282e+11
2.99158e+11
2.98038e+11
2.96923e+11
2.95812e+11
2.94704e+11
2.93601e+11
2.92502e+11
2.91407e+11
2.90317e+11
2.8923e+11
2.88147e+11
2.87069e+11
2.85994e+11
2.84924e+11
2.83858e+11
2.82795e+11
2.81737e+11
2.80682e+11
2.79632e+11
2.78585e+11
2.77542e+11
2.76504e+11
2.75469e+11
2.74438e+11
2.73411e+11
2.72387e+11
2.71368e+11
2.70352e+11
2.69341e+11
2.68333e+11
2.67329e+11
2.66328e+11
2.65331e+11
2.64339e+11
2.63349e+11
2.62364e+11
2.61382e+11
2.60404e+11
2.59429e+11
2.58459e+11
2.57491e+11
2.56528e+11
2.55568e+11
2.54612e+11
2.53659e+11
2.5271e+11
2.51764e+11
2.50822e+11
2.49883e+11
2.48948e+11
2.48017e+11
2.47089e+11
2.46164e+11
2.45243e+11
2.44325e+11
2.43411e+11
2.425e+11
2.41592e+11
2.40688e+11
2.39788e+11
2.3889e+11
2.37996e+11
2.37105e+11
2.36218e+11
2.35334e+11
2.34453e+11
2.33575e+11
2.32701e+11
2.3183e+11
2.30962e+11
2.30098e+11
2.29236e+11
2.28378e+11
2.27523e+11
2.26671e+11
2.25822e+11
2.24977e+11
2.24134e+11
2.23295e+11
2.22458e+11
2.21625e+11
2.20795e+11
2.19968e+11
2.19144e+11
2.18323e+11
2.17505e+11
2.1669e+11
2.15878e+11
2.15069e+11
2.14263e+11
2.13459e+11
2.12659e+11
2.11862e+11
2.11067e+11
2.10276e+11
2.09487e+11
2.08702e+11
2.07919e+11
2.07139e+11
2.06361e+11
2.05587e+11
2.04815e+11
2.04046e+11
2.0328e+11
2.02517e+11
2.01756e+11
2.00999e+11
2.00244e+11
1.99491e+11
1.98741e+11
1.97994e+11
1.9725e+11
1.96508e+11
1.95769e+11
1.95033e+11
1.94299e+11
1.93568e+11
1.9284e+11
1.92114e+11
1.9139e+11
1.90669e+11
1.89951e+11
1.89235e+11
1.88522e+11
1.87812e+11
1.87103e+11
1.86398e+11
1.85694e+11
1.84994e+11
1.84295e+11
1.83599e+11
1.82906e+11
1.82215e+11
1.81526e+11
1.8084e+11
1.80156e+11
1.79475e+11
1.78795e+11
1.78119e+11
1.77444e+11
1.76772e+11
1.76102e+11
1.75435e+11
1.74769e+11
1.74106e+11
1.73446e+11
1.72787e+11
1.72131e+11
1.71477e+11
1.70825e+11
1.70176e+11
1.69528e+11
1.68883e+11
1.6824e+11
1.67599e+11
1.66961e+11
1.66324e+11
1.6569e+11
1.65057e+11
1.64427e+11
1.63799e+11
1.63173e+11
1.62549e+11
1.61927e+11
1.61307e+11
1.60689e+11
1.60074e+11
1.5946e+11
1.58848e+11
1.58238e+11
1.57631e+11
1.57025e+11
1.56421e+11
1.55819e+11
1.55219e+11
1.54621e+11
1.54025e+11
1.53431e+11
1.52839e+11
1.52249e+11
1.5166e+11
1.51074e+11
1.50489e+11
1.49906e+11
1.49325e+11
1.48746e+11
1.48169e+11
1.47593e+11
1.47019e+11
1.46447e+11
1.45877e+11
1.45309e+11
1.44742e+11
1.44177e+11
1.43614e+11
1.43053e+11
1.42493e+11
1.41935e+11
1.41379e+11
1.40825e+11
1.40272e+11
1.39721e+11
1.39171e+11
1.38623e+11
1.38077e+11
1.37533e+11
1.3699e+11
1.36448e+11
1.35909e+11
1.35371e+11
1.34834e+11
1.34299e+11
1.33766e+11
1.33234e+11
1.32704e+11
1.32176e+11
1.31649e+11
1.31123e+11
1.30599e+11
1.30077e+11
1.29556e+11
1.29036e+11
1.28518e+11
1.28002e+11
1.27487e+11
1.26973e+11
1.26461e+11
1.2595e+11
1.25441e+11
1.24933e+11
1.24427e+11
1.23922e+11
1.23418e+11
1.22916e+11
1.22415e+11
1.21916e+11
1.21418e+11
1.20921e+11
1.20426e+11
1.19932e+11
1.1944e+11
1.18948e+11
1.18458e+11
1.1797e+11
1.17483e+11
1.16997e+11
1.16512e+11
1.16028e+11
1.15546e+11
1.15065e+11
1.14586e+11
1.14108e+11
1.1363e+11
1.13155e+11
1.1268e+11
1.12207e+11
1.11734e+11
1.11263e+11
1.10794e+11
1.10325e+11
1.09858e+11
1.09392e+11
1.08927e+11
1.08463e+11
1.08e+11
1.07539e+11
1.07078e+11
1.06619e+11
1.06161e+11
1.05704e+11
1.05248e+11
1.04793e+11
1.0434e+11
1.03887e+11
1.03436e+11
1.02985e+11
1.02536e+11
1.02088e+11
1.01641e+11
1.01195e+11
1.0075e+11
1.00306e+11
9.98626e+10
9.94207e+10
9.89798e+10
9.85399e+10
9.8101e+10
9.76632e+10
9.72263e+10
9.67905e+10
9.63556e+10
9.59217e+10
9.54888e+10
9.50568e+10
9.46258e+10
9.41958e+10
9.37667e+10
9.33385e+10
9.29113e+10
9.2485e+10
9.20597e+10
9.16353e+10
9.12117e+10
9.07891e+10
9.03674e+10
8.99466e+10
8.95267e+10
8.91077e+10
8.86895e+10
8.82722e+10
8.78558e+10
8.74402e+10
8.70255e+10
8.66117e+10
8.61987e+10
8.57865e+10
8.53752e+10
8.49647e+10
8.4555e+10
8.41461e+10
8.37381e+10
8.33308e+10
8.29244e+10
8.25187e+10
8.21139e+10
8.17098e+10
8.13065e+10
8.0904e+10
8.05022e+10
8.01012e+10
7.9701e+10
7.93015e+10
7.89027e+10
7.85048e+10
7.81075e+10
7.7711e+10
7.73152e+10
7.69201e+10
7.65258e+10
7.61321e+10
7.57392e+10
7.5347e+10
7.49554e+10
7.45646e+10
7.41744e+10
7.3785e+10
7.33962e+10
7.30081e+10
7.26206e+10
7.22339e+10
7.18477e+10
7.14623e+10
7.10775e+10
7.06933e+10
7.03098e+10
6.99269e+10
6.95446e+10
6.9163e+10
6.8782e+10
6.84016e+10
6.80218e+10
6.76426e+10
6.72641e+10
6.68861e+10
6.65087e+10
6.6132e+10
6.57558e+10
6.53802e+10
6.50052e+10
6.46307e+10
6.42568e+10
6.38835e+10
6.35108e+10
6.31386e+10
6.27669e+10
6.23959e+10
6.20253e+10
6.16553e+10
6.12858e+10
6.09169e+10
6.05485e+10
6.01806e+10
5.98133e+10
5.94464e+10
5.90801e+10
5.87143e+10
5.8349e+10
5.79841e+10
5.76198e+10
5.7256e+10
5.68927e+10
5.65298e+10
5.61675e+10
5.58056e+10
5.54441e+10
5.50832e+10
5.47227e+10
5.43627e+10
5.40031e+10
5.3644e+10
5.32854e+10
5.29272e+10
5.25694e+10
5.22121e+10
5.18552e+10
5.14988e+10
5.11427e+10
5.07871e+10
5.0432e+10
5.00772e+10
4.97229e+10
4.9369e+10
4.90154e+10
4.86623e+10
4.83096e+10
4.79573e+10
4.76054e+10
4.72538e+10
4.69027e+10
4.65519e+10
4.62016e+10
4.58516e+10
4.55019e+10
4.51527e+10
4.48038e+10
4.44553e+10
4.41071e+10
4.37593e+10
4.34118e+10
4.30647e+10
4.2718e+10
4.23716e+10
4.20255e+10
4.16798e+10
4.13344e+10
4.09893e+10
4.06446e+10
4.03002e+10
3.99561e+10
3.96123e+10
3.92689e+10
3.89257e+10
3.85829e+10
3.82404e+10
3.78981e+10
3.75562e+10
3.72146e+10
3.68733e+10
3.65322e+10
3.61915e+10
3.5851e+10
3.55108e+10
3.51709e+10
3.48313e+10
3.44919e+10
3.41528e+10
3.3814e+10
3.34755e+10
3.31372e+10
3.27991e+10
3.24614e+10
3.21238e+10
3.17866e+10
3.14495e+10
3.11128e+10
3.07762e+10
3.04399e+10
3.01038e+10
2.9768e+10
2.94324e+10
2.9097e+10
2.87619e+10
2.84269e+10
2.80922e+10
2.77577e+10
2.74234e+10
2.70894e+10
2.67555e+10
2.64218e+10
2.60884e+10
2.57551e+10
2.5422e+10
2.50892e+10
2.47565e+10
2.4424e+10
2.40917e+10
2.37596e+10
2.34277e+10
2.30959e+10
2.27643e+10
2.24329e+10
2.21017e+10
2.17706e+10
2.14397e+10
2.11089e+10
2.07783e+10
2.04479e+10
2.01176e+10
1.97875e+10
1.94575e+10
1.91277e+10
1.8798e+10
1.84685e+10
1.81391e+10
1.78098e+10
1.74807e+10
1.71517e+10
1.68228e+10
1.64941e+10
1.61655e+10
1.5837e+10
1.55086e+10
1.51803e+10
1.48522e+10
1.45241e+10
1.41962e+10
1.38684e+10
1.35406e+10
1.3213e+10
1.28855e+10
1.25581e+10
1.22307e+10
1.19035e+10
1.15763e+10
1.12493e+10
1.09223e+10
1.05954e+10
1.02685e+10
9.9418e+09
9.61513e+09
9.28852e+09
8.96199e+09
8.63552e+09
8.30912e+09
7.98278e+09
7.6565e+09
7.33027e+09
7.0041e+09
6.67798e+09
6.35192e+09
6.02589e+09
5.69992e+09
5.37398e+09
5.04809e+09
4.72223e+09
4.39641e+09
4.07062e+09
3.74486e+09
3.41912e+09
3.09342e+09
2.76773e+09
2.44207e+09
2.11642e+09
1.79079e+09
1.46518e+09
1.13957e+09
8.13973e+08
4.88381e+08
1.62793e+08
-1.62793e+08
-4.88381e+08
-8.13973e+08
-1.13957e+09
-1.46518e+09
-1.79079e+09
-2.11642e+09
-2.44207e+09
-2.76773e+09
-3.09342e+09
-3.41912e+09
-3.74486e+09
-4.07062e+09
-4.39641e+09
-4.72223e+09
-5.04809e+09
-5.37398e+09
-5.69992e+09
-6.02589e+09
-6.35192e+09
-6.67798e+09
-7.0041e+09
-7.33027e+09
-7.6565e+09
-7.98278e+09
-8.30912e+09
-8.63552e+09
-8.96199e+09
-9.28852e+09
-9.61513e+09
-9.9418e+09
-1.02685e+10
-1.05954e+10
-1.09223e+10
-1.12493e+10
-1.15763e+10
-1.19035e+10
-1.22307e+10
-1.25581e+10
-1.28855e+10
-1.3213e+10
-1.35406e+10
-1.38684e+10
-1.41962e+10
-1.45241e+10
-1.48522e+10
-1.51803e+10
-1.55086e+10
-1.5837e+10
-1.61655e+10
-1.64941e+10
-1.68228e+10
-1.71517e+10
-1.74807e+10
-1.78098e+10
-1.81391e+10
-1.84685e+10
-1.8798e+10
-1.91277e+10
-1.94575e+10
-1.97875e+10
-2.01176e+10
-2.04479e+10
-2.07783e+10
-2.11089e+10
-2.14397e+10
-2.17706e+10
-2.21017e+10
-2.24329e+10
-2.27643e+10
-2.30959e+10
-2.34277e+10
-2.37596e+10
-2.40917e+10
-2.4424e+10
-2.47565e+10
-2.50892e+10
-2.5422e+10
-2.57551e+10
-2.60884e+10
-2.64218e+10
-2.67555e+10
-2.70894e+10
-2.74234e+10
-2.77577e+10
-2.80922e+10
-2.84269e+10
-2.87619e+10
-2.9097e+10
-2.94324e+10
-2.9768e+10
-3.01038e+10
-3.04399e+10
-3.07762e+10
-3.11128e+10
-3.14495e+10
-3.17866e+10
-3.21238e+10
-3.24614e+10
-3.27991e+10
-3.31372e+10
-3.34755e+10
-3.3814e+10
-3.41528e+10
-3.44919e+10
-3.48313e+10
-3.51709e+10
-3.55108e+10
-3.5851e+10
-3.61915e+10
-3.65322e+10
-3.68733e+10
-3.72146e+10
-3.75562e+10
-3.78981e+10
-3.82404e+10
-3.85829e+10
-3.89257e+10
-3.92689e+10
-3.96123e+10
-3.99561e+10
-4.03002e+10
-4.06446e+10
-4.09893e+10
-4.13344e+10
-4.16798e+10
-4.20255e+10
-4.23716e+10
-4.2718e+10
-4.30647e+10
-4.34118e+10
-4.37593e+10
-4.41071e+10
-4.44553e+10
-4.48038e+10
-4.51527e+10
-4.55019e+10
-4.58516e+10
-4.62016e+10
-4.65519e+10
-4.69027e+10
-4.72538e+10
-4.76054e+10
-4.79573e+10
-4.83096e+10
-4.86623e+10
-4.90154e+10
-4.9369e+10
-4.97229e+10
-5.00772e+10
-5.0432e+10
-5.07871e+10
-5.11427e+10
-5.14988e+10
-5.18552e+10
-5.22121e+10
-5.25694e+10
-5.29272e+10
-5.32854e+10
-5.3644e+10
-5.40031e+10
-5.43627e+10
-5.47227e+10
-5.50832e+10
-5.54441e+10
-5.58056e+10
-5.61675e+10
-5.65298e+10
-5.68927e+10
-5.7256e+10
-5.76198e+10
-5.79841e+10
-5.8349e+10
-5.87143e+10
-5.90801e+10
-5.94464e+10
-5.98133e+10
-6.01806e+10
-6.05485e+10
-6.09169e+10
-6.12858e+10
-6.16553e+10
-6.20253e+10
-6.23959e+10
-6.27669e+10
-6.31386e+10
-6.35108e+10
-6.38835e+10
-6.42568e+10
-6.46307e+10
-6.50052e+10
-6.53802e+10
-6.57558e+10
-6.6132e+10
-6.65087e+10
-6.68861e+10
-6.72641e+10
-6.76426e+10
-6.80218e+10
-6.84016e+10
-6.8782e+10
-6.9163e+10
-6.95446e+10
-6.99269e+10
-7.03098e+10
-7.06933e+10
-7.10775e+10
-7.14623e+10
-7.18477e+10
-7.22339e+10
-7.26206e+10
-7.30081e+10
-7.33962e+10
-7.3785e+10
-7.41744e+10
-7.45646e+10
-7.49554e+10
-7.5347e+10
-7.57392e+10
-7.61321e+10
-7.65258e+10
-7.69201e+10
-7.73152e+10
-7.7711e+10
-7.81075e+10
-7.85048e+10
-7.89027e+10
-7.93015e+10
-7.9701e+10
-8.01012e+10
-8.05022e+10
-8.0904e+10
-8.13065e+10
-8.17098e+10
-8.21139e+10
-8.25187e+10
-8.29244e+10
-8.33308e+10
-8.37381e+10
-8.41461e+10
-8.4555e+10
-8.49647e+10
-8.53752e+10
-8.57865e+10
-8.61987e+10
-8.66117e+10
-8.70255e+10
-8.74402e+10
-8.78558e+10
-8.82722e+10
-8.86895e+10
-8.91077e+10
-8.95267e+10
-8.99466e+10
-9.03674e+10
-9.07891e+10
-9.12117e+10
-9.16353e+10
-9.20597e+10
-9.2485e+10
-9.29113e+10
-9.33385e+10
-9.37667e+10
-9.41958e+10
-9.46258e+10
-9.50568e+10
-9.54888e+10
-9.59217e+10
-9.63556e+10
-9.67905e+10
-9.72263e+10
-9.76632e+10
-9.8101e+10
-9.85399e+10
-9.89798e+10
-9.94207e+10
-9.98626e+10
-1.00306e+11
-1.0075e+11
-1.01195e+11
-1.01641e+11
-1.02088e+11
-1.02536e+11
-1.02985e+11
-1.03436e+11
-1.03887e+11
-1.0434e+11
-1.04793e+11
-1.05248e+11
-1.05704e+11
-1.06161e+11
-1.06619e+11
-1.07078e+11
-1.07539e+11
-1.08e+11
-1.08463e+11
-1.08927e+11
-1.09392e+11
-1.09858e+11
-1.10325e+11
-1.10794e+11
-1.11263e+11
-1.11734e+11
-1.12207e+11
-1.1268e+11
-1.13155e+11
-1.1363e+11
-1.14108e+11
-1.14586e+11
-1.15065e+11
-1.15546e+11
-1.16028e+11
-1.16512e+11
-1.16997e+11
-1.17483e+11
-1.1797e+11
-1.18458e+11
-1.18948e+11
-1.1944e+11
-1.19932e+11
-1.20426e+11
-1.20921e+11
-1.21418e+11
-1.21916e+11
-1.22415e+11
-1.22916e+11
-1.23418e+11
-1.23922e+11
-1.24427e+11
-1.24933e+11
-1.25441e+11
-1.2595e+11
-1.26461e+11
-1.26973e+11
-1.27487e+11
-1.28002e+11
-1.28518e+11
-1.29036e+11
-1.29556e+11
-1.30077e+11
-1.30599e+11
-1.31123e+11
-1.31649e+11
-1.32176e+11
-1.32704e+11
-1.33234e+11
-1.33766e+11
-1.34299e+11
-1.34834e+11
-1.35371e+11
-1.35909e+11
-1.36448e+11
-1.3699e+11
-1.37533e+11
-1.38077e+11
-1.38623e+11
-1.39171e+11
-1.39721e+11
-1.40272e+11
-1.40825e+11
-1.41379e+11
-1.41935e+11
-1.42493e+11
-1.43053e+11
-1.43614e+11
-1.44177e+11
-1.44742e+11
-1.45309e+11
-1.45877e+11
-1.46447e+11
-1.47019e+11
-1.47593e+11
-1.48169e+11
-1.48746e+11
-1.49325e+11
-1.49906e+11
-1.50489e+11
-1.51074e+11
-1.5166e+11
-1.52249e+11
-1.52839e+11
-1.53431e+11
-1.54025e+11
-1.54621e+11
-1.55219e+11
-1.55819e+11
-1.56421e+11
-1.57025e+11
-1.57631e+11
-1.58238e+11
-1.58848e+11
-1.5946e+11
-1.60074e+11
-1.60689e+11
-1.61307e+11
-1.61927e+11
-1.62549e+11
-1.63173e+11
-1.63799e+11
-1.64427e+11
-1.65057e+11
-1.6569e+11
-1.66324e+11
-1.66961e+11
-1.67599e+11
-1.6824e+11
-1.68883e+11
-1.69528e+11
-1.70176e+11
-1.70825e+11
-1.71477e+11
-1.72131e+11
-1.72787e+11
-1.73446e+11
-1.74106e+11
-1.74769e+11
-1.75435e+11
-1.76102e+11
-1.76772e+11
-1.77444e+11
-1.78119e+11
-1.78795e+11
-1.79475e+11
-1.80156e+11
-1.8084e+11
-1.81526e+11
-1.82215e+11
-1.82906e+11
-1.83599e+11
-1.84295e+11
-1.84994e+11
-1.85694e+11
-1.86398e+11
-1.87103e+11
-1.87812e+11
-1.88522e+11
-1.89235e+11
-1.89951e+11
-1.90669e+11
-1.9139e+11
-1.92114e+11
-1.9284e+11
-1.93568e+11
-1.94299e+11
-1.95033e+11
-1.95769e+11
-1.96508e+11
-1.9725e+11
-1.97994e+11
-1.98741e+11
-1.99491e+11
-2.00244e+11
-2.00999e+11
-2.01756e+11
-2.02517e+11
-2.0328e+11
-2.04046e+11
-2.04815e+11
-2.05587e+11
-2.06361e+11
-2.07139e+11
-2.07919e+11
-2.08702e+11
-2.09487e+11
-2.10276e+11
-2.11067e+11
-2.11862e+11
-2.12659e+11
-2.13459e+11
-2.14263e+11
-2.15069e+11
-2.15878e+11
-2.1669e+11
-2.17505e+11
-2.18323e+11
-2.19144e+11
-2.19968e+11
-2.20795e+11
-2.21625e+11
-2.22458e+11
-2.23295e+11
-2.24134e+11
-2.24977e+11
-2.25822e+11
-2.26671e+11
-2.27523e+11
-2.28378e+11
-2.29236e+11
-2.30098e+11
-2.30962e+11
-2.3183e+11
-2.32701e+11
-2.33575e+11
-2.34453e+11
-2.35334e+11
-2.36218e+11
-2.37105e+11
-2.37996e+11
-2.3889e+11
-2.39788e+11
-2.40688e+11
-2.41592e+11
-2.425e+11
-2.43411e+11
-2.44325e+11
-2.45243e+11
-2.46164e+11
-2.47089e+11
-2.48017e+11
-2.48948e+11
-2.49883e+11
-2.50822e+11
-2.51764e+11
-2.5271e+11
-2.53659e+11
-2.54612e+11
-2.55568e+11
-2.56528e+11
-2.57491e+11
-2.58459e+11
-2.59429e+11
-2.60404e+11
-2.61382e+11
-2.62364e+11
-2.63349e+11
-2.64339e+11
-2.65331e+11
-2.66328e+11
-2.67329e+11
-2.68333e+11
-2.69341e+11
-2.70352e+11
-2.71368e+11
-2.72387e+11
-2.73411e+11
-2.74438e+11
-2.75469e+11
-2.76504e+11
-2.77542e+11
-2.78585e+11
-2.79632e+11
-2.80682e+11
-2.81737e+11
-2.82795e+11
-2.83858e+11
-2.84924e+11
-2.85994e+11
-2.87069e+11
-2.88147e+11
-2.8923e+11
-2.90317e+11
-2.91407e+11
-2.92502e+11
-2.93601e+11
-2.94704e+11
-2.95812e+11
-2.96923e+11
-2.98038e+11
-2.99158e+11
-3.00282e+11
-3.0141e+11
-3.02543e+11
-3.0368e+11
-3.0482e+11
-3.05966e+11
-3.07115e+11
-3.08269e+11
-3.09427e+11
-3.1059e+11
-3.11756e+11
-3.12928e+11
-3.14103e+11
-3.15283e+11
-3.16468e+11
-3.17656e+11
-3.1885e+11
-3.20047e+11
-3.21249e+11
-3.22456e+11
-3.23667e+11
-3.24883e+11
-3.26103e+11
-3.27328e+11
-3.28557e+11
-3.29791e+11
-3.3103e+11
-3.32273e+11
-3.3352e+11
-3.34773e+11
-3.3603e+11
-3.37291e+11
-3.38557e+11
-3.39828e+11
-3.41104e+11
-3.42384e+11
-3.4367e+11
-3.44959e+11
-3.46254e+11
-3.47553e+11
-3.48858e+11
-3.50167e+11
-3.5148e+11
-3.52799e+11
-3.54123e+11
-3.55451e+11
-3.56784e+11
-3.58122e+11
-3.59465e+11
-3.60813e+11
-3.62166e+11
-3.63524e+11
-3.64887e+11
-3.66255e+11
-3.67627e+11
-3.69005e+11
-3.70388e+11
-3.71776e+11
-3.73168e+11
-3.74566e+11
-3.75969e+11
-3.77377e+11
-3.7879e+11
-3.80209e+11
-3.81632e+11
-3.83061e+11
-3.84494e+11
-3.85933e+11
-3.87377e+11
-3.88826e+11
-3.9028e+11
-3.9174e+11
-3.93205e+11
-3.94675e+11
-3.9615e+11
-3.97631e+11
-3.99117e+11
-4.00608e+11
-4.02104e+11
-4.03606e+11
-4.05113e+11
-4.06625e+11
-4.08143e+11
-4.09666e+11
-4.11194e+11
-4.12728e+11
-4.14267e+11
-4.15812e+11
-4.17362e+11
-4.18917e+11
-4.20478e+11
-4.22044e+11
-4.23616e+11
-4.25193e+11
-4.26776e+11
-4.28364e+11
-4.29957e+11
-4.31556e+11
-4.33161e+11
-4.34771e+11
-4.36386e+11
-4.38007e+11
-4.39634e+11
-4.41266e+11
-4.42904e+11
-4.44547e+11
-4.46195e+11
-4.47849e+11
-4.49509e+11
-4.51174e+11
-4.52845e+11
-4.54522e+11
-4.56204e+11
-4.57891e+11
-4.59584e+11
-4.61283e+11
-4.62987e+11
-4.64696e+11
-4.66412e+11
-4.68132e+11
-4.69859e+11
-4.71591e+11
-4.73328e+11
-4.75071e+11
-4.76819e+11
-4.78573e+11
-4.80333e+11
-4.82098e+11
-4.83868e+11
-4.85644e+11
-4.87426e+11
-4.89213e+11
-4.91005e+11
-4.92803e+11
-4.94606e+11
-4.96415e+11
-4.98229e+11
-5.00048e+11
-5.01873e+11
-5.03703e+11
-5.05539e+11
-5.07379e+11
-5.09225e+11
-5.11076e+11
-5.12933e+11
-5.14795e+11
-5.16661e+11
-5.18533e+11
-5.20411e+11
-5.22293e+11
-5.2418e+11
-5.26072e+11
-5.27969e+11
-5.29871e+11
-5.31778e+11
-5.3369e+11
-5.35607e+11
-5.37528e+11
-5.39454e+11
-5.41385e+11
-5.4332e+11
-5.4526e+11
-5.47205e+11
-5.49154e+11
-5.51107e+11
-5.53065e+11
-5.55026e+11
-5.56992e+11
-5.58963e+11
-5.60937e+11
-5.62915e+11
-5.64897e+11
-5.66883e+11
-5.68873e+11
-5.70866e+11
-5.72863e+11
-5.74864e+11
-5.76867e+11
-5.78875e+11
-5.80885e+11
-5.82898e+11
-5.84915e+11
-5.86934e+11
-5.88956e+11
-5.90981e+11
-5.93009e+11
-5.95039e+11
-5.97071e+11
-5.99105e+11
-6.01142e+11
-6.0318e+11
-6.0522e+11
-6.07262e+11
-6.09306e+11
-6.1135e+11
-6.13396e+11
-6.15443e+11
-6.17491e+11
-6.1954e+11
-6.2159e+11
-6.23639e+11
-6.25689e+11
-6.27739e+11
-6.29789e+11
-6.31839e+11
-6.33888e+11
-6.35937e+11
-6.37984e+11
-6.40031e+11
-6.42076e+11
-6.44119e+11
-6.46161e+11
-6.48201e+11
-6.50239e+11
-6.52274e+11
-6.54307e+11
-6.56336e+11
-6.58363e+11
-6.60386e+11
-6.62405e+11
-6.64421e+11
-6.66432e+11
-6.68439e+11
-6.70441e+11
-6.72438e+11
-6.7443e+11
-6.76416e+11
-6.78396e+11
-6.80369e+11
-6.82337e+11
-6.84297e+11
-6.8625e+11
-6.88196e+11
-6.90133e+11
-6.92063e+11
-6.93984e+11
-6.95896e+11
-6.97798e+11
-6.99692e+11
-7.01575e+11
-7.03447e+11
-7.05309e+11
-7.0716e+11
-7.08999e+11
-7.10826e+11
-7.12641e+11
-7.14443e+11
-7.16232e+11
-7.18007e+11
-7.19768e+11
-7.21514e+11
-7.23246e+11
-7.24962e+11
-7.26663e+11
-7.28347e+11
-7.30014e+11
-7.31664e+11
-7.33297e+11
-7.34911e+11
-7.36506e+11
-7.38082e+11
-7.39639e+11
-7.41175e+11
-7.42691e+11
-7.44185e+11
-7.45657e+11
-7.47108e+11
-7.48535e+11
-7.49939e+11
-7.51319e+11
-7.52675e+11
-7.54005e+11
-7.5531e+11
-7.56589e+11
-7.57841e+11
-7.59066e+11
-7.60263e+11
-7.61432e+11
-7.62571e+11
-7.63681e+11
-7.64761e+11
-7.65809e+11
-7.66827e+11
-7.67812e+11
-7.68764e+11
-7.69684e+11
-7.70569e+11
-7.7142e+11
-7.72235e+11
-7.73015e+11
-7.73759e+11
-7.74465e+11
-7.75134e+11
-7.75764e+11
-7.76356e+11
-7.76908e+11
-7.77419e+11
-7.7789e+11
-7.78319e+11
-7.78706e+11
-7.7905e+11
-7.79351e+11
-7.79607e+11
-7.79819e+11
-7.79985e+11
-7.80105e+11
-7.80178e+11
-7.80204e+11
-7.80182e+11
-7.80111e+11
-7.79991e+11
-7.79821e+11
-7.796e+11
-7.79328e+11
-7.79004e+11
-7.78627e+11
-7.78198e+11
-7.77714e+11
-7.77176e+11
-7.76583e+11
-7.75934e+11
-7.75229e+11
-7.74467e+11
-7.73648e+11
-7.7277e+11
-7.71834e+11
-7.70838e+11
-7.69783e+11
-7.68667e+11
-7.6749e+11
-7.66251e+11
-7.6495e+11
-7.63586e+11
-7.6216e+11
-7.60669e+11
-7.59114e+11
-7.57494e+11
-7.55809e+11
-7.54058e+11
-7.5224e+11
-7.50356e+11
-7.48405e+11
-7.46385e+11
-7.44298e+11
-7.42142e+11
-7.39916e+11
-7.37621e+11
-7.35257e+11
-7.32822e+11
-7.30316e+11
-7.27739e+11
-7.25091e+11
-7.22371e+11
-7.19579e+11
-7.16714e+11
-7.13777e+11
-7.10767e+11
-7.07683e+11
-7.04526e+11
-7.01295e+11
-6.9799e+11
-6.94611e+11
-6.91158e+11
-6.87629e+11
-6.84027e+11
-6.80349e+11
-6.76596e+11
-6.72768e+11
-6.68864e+11
-6.64886e+11
-6.60832e+11
-6.56702e+11
-6.52497e+11
-6.48216e+11
-6.4386e+11
-6.39429e+11
-6.34922e+11
-6.30339e+11
-6.25682e+11
-6.20949e+11
-6.16141e+11
-6.11259e+11
-6.06301e+11
-6.01269e+11
-5.96163e+11
-5.90982e+11
-5.85727e+11
-5.80399e+11
-5.74998e+11
-5.69523e+11
-5.63976e+11
-5.58356e+11
-5.52664e+11
-5.46901e+11
-5.41066e+11
-5.3516e+11
-5.29184e+11
-5.23138e+11
-5.17022e+11
-5.10838e+11
-5.04585e+11
-4.98264e+11
-4.91876e+11
-4.85421e+11
-4.789e+11
-4.72313e+11
-4.65662e+11
-4.58946e+11
-4.52166e+11
-4.45324e+11
-4.3842e+11
-4.31454e+11
-4.24428e+11
-4.17342e+11
-4.10197e+11
-4.02993e+11
-3.95732e+11
-3.88415e+11
-3.81042e+11
-3.73614e+11
-3.66132e+11
-3.58598e+11
-3.51011e+11
-3.43373e+11
-3.35685e+11
-3.27948e+11
-3.20163e+11
-3.12331e+11
-3.04453e+11
-2.9653e+11
-2.88563e+11
-2.80553e+11
-2.72502e+11
-2.6441e+11
-2.56278e+11
-2.48108e+11
-2.39901e+11
-2.31658e+11
-2.2338e+11
-2.15068e+11
-2.06724e+11
-1.98348e+11
-1.89943e+11
-1.81509e+11
-1.73047e+11
-1.64559e+11
-1.56045e+11
-1.47508e+11
-1.38949e+11
-1.30368e+11
-1.21767e+11
-1.13148e+11
-1.04511e+11
-9.58584e+10
-8.7191e+10
-7.85101e+10
-6.98172e+10
-6.11136e+10
-5.24006e+10
-4.36795e+10
-3.49517e+10
-2.62185e+10
-1.74812e+10
-8.74128e+09
-0.00455926
