2048 1 1
1.41437e-10 2.30966e-10 3.26636e-10
3.5398
3.53972
3.53949
3.53911
3.53857
3.53787
3.53703
3.53603
3.53487
3.53357
3.53211
3.53049
3.52873
3.52681
3.52475
3.52253
3.52016
3.51764
3.51497
3.51215
3.50918
3.50607
3.50281
3.4994
3.49584
3.49214
3.4883
3.48431
3.48018
3.47591
3.4715
3.46694
3.46225
3.45742
3.45245
3.44734
3.4421
3.43673
3.43122
3.42558
3.4198
3.4139
3.40787
3.40171
3.39543
3.38902
3.38248
3.37582
3.36905
3.36215
3.35513
3.34799
3.34074
3.33338
3.3259
3.31831
3.31061
3.3028
3.29488
3.28685
3.27872
3.27049
3.26216
3.25373
3.24519
3.23656
3.22784
3.21902
3.21011
3.20111
3.19202
3.18284
3.17358
3.16423
3.1548
3.14529
3.1357
3.12604
3.11629
3.10647
3.09658
3.08662
3.07659
3.0665
3.05633
3.04611
3.03582
3.02547
3.01506
3.00459
2.99407
2.98349
2.97286
2.96218
2.95145
2.94068
2.92986
2.91899
2.90808
2.89714
2.88615
2.87512
2.86406
2.85297
2.84184
2.83068
2.8195
2.80828
2.79704
2.78578
2.77449
2.76318
2.75185
2.7405
2.72914
2.71776
2.70636
2.69496
2.68354
2.67211
2.66068
2.64924
2.6378
2.62635
2.6149
2.60344
2.59199
2.58054
2.5691
2.55766
2.54622
2.53479
2.52337
2.51196
2.50056
2.48917
2.4778
2.46644
2.45509
2.44377
2.43246
2.42117
2.4099
2.39865
2.38742
2.37622
2.36504
2.35388
2.34276
2.33166
2.32058
2.30954
2.29853
2.28755
2.2766
2.26568
2.2548
2.24395
2.23314
2.22236
2.21162
2.20091
2.19025
2.17962
2.16903
2.15849
2.14798
2.13752
2.1271
2.11672
2.10638
2.09609
2.08584
2.07564
2.06548
2.05537
2.0453
2.03528
2.02531
2.01539
2.00551
1.99569
1.98591
1.97618
1.9665
1.95687
1.94729
1.93776
1.92828
1.91886
1.90948
1.90015
1.89088
1.88166
1.87249
1.86337
1.85431
1.84529
1.83633
1.82742
1.81857
1.80976
1.80101
1.79231
1.78367
1.77508
1.76654
1.75805
1.74962
1.74124
1.73291
1.72463
1.71641
1.70824
1.70012
1.69206
1.68405
1.67609
1.66818
1.66032
1.65252
1.64476
1.63706
1.62941
1.62181
1.61426
1.60676
1.59932
1.59192
1.58457
1.57728
1.57003
1.56283
1.55568
1.54858
1.54153
1.53453
1.52757
1.52066
1.5138
1.50699
1.50023
1.49351
1.48683
1.48021
1.47363
1.46709
1.4606
1.45416
1.44776
1.4414
1.43509
1.42882
1.42259
1.41641
1.41027
1.40417
1.39811
1.39209
1.38612
1.38018
1.37429
1.36844
1.36262
1.35685
1.35111
1.34542
1.33976
1.33414
1.32855
1.32301
1.3175
1.31202
1.30659
1.30119
1.29582
1.29049
1.28519
1.27993
1.2747
1.26951
1.26435
1.25922
1.25413
1.24906
1.24403
1.23903
1.23406
1.22913
1.22422
1.21934
1.2145
1.20968
1.20489
1.20013
1.1954
1.1907
1.18602
1.18138
1.17676
1.17216
1.1676
1.16306
1.15854
1.15405
1.14959
1.14515
1.14074
1.13635
1.13199
1.12765
1.12333
1.11904
1.11477
1.11052
1.1063
1.10209
1.09791
1.09375
1.08962
1.0855
1.08141
1.07733
1.07328
1.06925
1.06523
1.06124
1.05727
1.05331
1.04938
1.04546
1.04156
1.03769
1.03383
1.02998
1.02616
1.02235
1.01856
1.01479
1.01103
1.00729
1.00357
0.999866
0.996177
0.992503
0.988846
0.985205
0.981579
0.977968
0.974373
0.970793
0.967228
0.963677
0.960142
0.95662
0.953113
0.949621
0.946142
0.942677
0.939226
0.935789
0.932365
0.928954
0.925557
0.922173
0.918802
0.915443
0.912098
0.908765
0.905445
0.902137
0.898841
0.895558
0.892287
0.889027
0.88578
0.882545
0.879321
0.876109
0.872908
0.869719
0.866541
0.863375
0.86022
0.857076
0.853943
0.85082
0.847709
0.844609
0.841519
0.83844
0.835372
0.832315
0.829267
0.826231
0.823204
0.820188
0.817182
0.814186
0.811201
0.808226
0.80526
0.802305
0.799359
0.796424
0.793498
0.790582
0.787676
0.784779
0.781893
0.779015
0.776148
0.77329
0.770441
0.767602
0.764773
0.761952
0.759141
0.75634
0.753548
0.750765
0.747991
0.745227
0.742471
0.739725
0.736988
0.73426
0.731542
0.728832
0.726131
0.723439
0.720757
0.718083
0.715418
0.712762
0.710115
0.707477
0.704848
0.702228
0.699616
0.697014
0.69442
0.691835
0.689258
0.686691
0.684132
0.681582
0.67904
0.676508
0.673984
0.671468
0.668961
0.666463
0.663974
0.661493
0.659021
0.656557
0.654102
0.651655
0.649218
0.646788
0.644367
0.641955
0.639551
0.637156
0.634769
0.632391
0.630021
0.627659
0.625306
0.622962
0.620626
0.618298
0.615979
0.613668
0.611366
0.609072
0.606786
0.604509
0.60224
0.59998
0.597727
0.595484
0.593248
0.591021
0.588802
0.586592
0.584389
0.582195
0.58001
0.577832
0.575663
0.573502
0.57135
0.569205
0.567069
0.564941
0.562821
0.56071
0.558607
0.556511
0.554424
0.552346
0.550275
0.548212
0.546158
0.544112
0.542074
0.540043
0.538021
0.536008
0.534002
0.532004
0.530014
0.528033
0.526059
0.524093
0.522136
0.520186
0.518245
0.516311
0.514385
0.512468
0.510558
0.508656
0.506762
0.504876
0.502998
0.501128
0.499265
0.497411
0.495564
0.493725
0.491894
0.490071
0.488255
0.486448
0.484648
0.482855
0.481071
0.479294
0.477525
0.475764
0.47401
0.472264
0.470526
0.468795
0.467072
0.465357
0.463649
0.461949
0.460256
0.458571
0.456893
0.455223
0.45356
0.451905
0.450258
0.448617
0.446985
0.445359
0.443741
0.442131
0.440527
0.438932
0.437343
0.435762
0.434188
0.432621
0.431062
0.42951
0.427965
0.426427
0.424897
0.423374
0.421857
0.420348
0.418847
0.417352
0.415864
0.414384
0.41291
0.411444
0.409984
0.408532
0.407086
0.405648
0.404216
0.402792
0.401374
0.399963
0.398559
0.397162
0.395771
0.394388
0.393011
0.391641
0.390278
0.388922
0.387572
0.386229
0.384892
0.383562
0.382239
0.380923
0.379613
0.378309
0.377013
0.375722
0.374439
0.373161
0.37189
0.370626
0.369368
0.368117
0.366871
0.365633
0.3644
0.363174
0.361954
0.360741
0.359533
0.358332
0.357137
0.355949
0.354766
0.35359
0.35242
0.351256
0.350098
0.348946
0.3478
0.34666
0.345526
0.344399
0.343277
0.342161
0.341051
0.339947
0.338849
0.337756
0.33667
0.335589
0.334514
0.333445
0.332382
0.331324
0.330272
0.329226
0.328185
0.32715
0.326121
0.325097
0.324079
0.323067
0.32206
0.321058
0.320062
0.319072
0.318087
0.317107
0.316133
0.315164
0.3142
0.313242
0.312289
0.311342
0.3104
0.309463
0.308531
0.307604
0.306683
0.305767
0.304856
0.30395
0.303049
0.302154
0.301263
0.300378
0.299497
0.298622
0.297751
0.296886
0.296025
0.29517
0.294319
0.293473
0.292632
0.291796
0.290964
0.290138
0.289316
0.288499
0.287687
0.286879
0.286077
0.285278
0.284485
0.283696
0.282912
0.282132
0.281357
0.280586
0.27982
0.279059
0.278302
0.277549
0.276801
0.276058
0.275319
0.274584
0.273853
0.273127
0.272405
0.271688
0.270975
0.270266
0.269562
0.268861
0.268165
0.267473
0.266785
0.266102
0.265422
0.264747
0.264076
0.263409
0.262746
0.262087
0.261432
0.260781
0.260134
0.259491
0.258852
0.258216
0.257585
0.256958
0.256334
0.255715
0.255099
0.254487
0.253879
0.253275
0.252674
0.252078
0.251485
0.250895
0.25031
0.249728
0.249149
0.248575
0.248004
0.247436
0.246873
0.246312
0.245756
0.245203
0.244653
0.244107
0.243564
0.243025
0.24249
0.241957
0.241429
0.240903
0.240381
0.239863
0.239348
0.238836
0.238327
0.237822
0.23732
0.236821
0.236326
0.235834
0.235345
0.234859
0.234376
0.233897
0.233421
0.232948
0.232478
0.232011
0.231547
0.231087
0.230629
0.230175
0.229724
0.229275
0.22883
0.228387
0.227948
0.227512
0.227078
0.226648
0.22622
0.225796
0.225374
0.224955
0.224539
0.224126
0.223716
0.223308
0.222903
0.222502
0.222103
0.221706
0.221313
0.220922
0.220534
0.220149
0.219766
0.219386
0.219009
0.218634
0.218262
0.217893
0.217526
0.217162
0.216801
0.216442
0.216086
0.215732
0.215381
0.215032
0.214686
0.214342
0.214001
0.213663
0.213327
0.212993
0.212662
0.212333
0.212007
0.211683
0.211361
0.211042
0.210725
0.210411
0.210099
0.209789
0.209482
0.209177
0.208875
0.208574
0.208276
0.20798
0.207687
0.207396
0.207107
0.20682
0.206535
0.206253
0.205973
0.205695
0.20542
0.205146
0.204875
0.204606
0.204339
0.204074
0.203811
0.20355
0.203292
0.203035
0.202781
0.202529
0.202279
0.20203
0.201784
0.20154
0.201298
0.201058
0.20082
0.200585
0.200351
0.200119
0.199889
0.199661
0.199435
0.199211
0.198989
0.198768
0.19855
0.198334
0.198119
0.197907
0.197696
0.197488
0.197281
0.197076
0.196873
0.196671
0.196472
0.196275
0.196079
0.195885
0.195693
0.195503
0.195314
0.195128
0.194943
0.19476
0.194578
0.194399
0.194221
0.194045
0.193871
0.193698
0.193528
0.193359
0.193191
0.193026
0.192862
0.1927
0.192539
0.19238
0.192223
0.192068
0.191914
0.191762
0.191612
0.191463
0.191316
0.19117
0.191026
0.190884
0.190744
0.190605
0.190467
0.190332
0.190198
0.190065
0.189934
0.189805
0.189677
0.189551
0.189426
0.189303
0.189182
0.189062
0.188944
0.188827
0.188712
0.188598
0.188486
0.188375
0.188266
0.188158
0.188052
0.187948
0.187845
0.187743
0.187643
0.187545
0.187448
0.187352
0.187258
0.187166
0.187075
0.186985
0.186897
0.18681
0.186725
0.186641
0.186559
0.186478
0.186399
0.186321
0.186244
0.186169
0.186096
0.186024
0.185953
0.185884
0.185816
0.18575
0.185685
0.185621
0.185559
0.185498
0.185439
0.185381
0.185324
0.185269
0.185216
0.185163
0.185113
0.185063
0.185015
0.184968
0.184923
0.184879
0.184837
0.184795
0.184756
0.184717
0.18468
0.184645
0.184611
0.184578
0.184546
0.184516
0.184488
0.18446
0.184434
0.18441
0.184387
0.184365
0.184344
0.184325
0.184307
0.184291
0.184276
0.184262
0.18425
0.184239
0.18423
0.184222
0.184215
0.184209
0.184205
0.184202
0.184201
0.184201
0.184202
0.184205
0.184209
0.184215
0.184222
0.18423
0.184239
0.18425
0.184262
0.184276
0.184291
0.184307
0.184325
0.184344
0.184365
0.184387
0.18441
0.184434
0.18446
0.184488
0.184516
0.184546
0.184578
0.184611
0.184645
0.18468
0.184717
0.184756
0.184795
0.184837
0.184879
0.184923
0.184968
0.185015
0.185063
0.185113
0.185163
0.185216
0.185269
0.185324
0.185381
0.185439
0.185498
0.185559
0.185621
0.185685
0.18575
0.185816
0.185884
0.185953
0.186024
0.186096
0.186169
0.186244
0.186321
0.186399
0.186478
0.186559
0.186641
0.186725
0.18681
0.186897
0.186985
0.187075
0.187166
0.187258
0.187352
0.187448
0.187545
0.187643
0.187743
0.187845
0.187948
0.188052
0.188158
0.188266
0.188375
0.188486
0.188598
0.188712
0.188827
0.188944
0.189062
0.189182
0.189303
0.189426
0.189551
0.189677
0.189805
0.189934
0.190065
0.190198
0.190332
0.190467
0.190605
0.190744
0.190884
0.191026
0.19117
0.191316
0.191463
0.191612
0.191762
0.191914
0.192068
0.192223
0.19238
0.192539
0.1927
0.192862
0.193026
0.193191
0.193359
0.193528
0.193698
0.193871
0.194045
0.194221
0.194399
0.194578
0.19476
0.194943
0.195128
0.195314
0.195503
0.195693
0.195885
0.196079
0.196275
0.196472
0.196671
0.196873
0.197076
0.197281
0.197488
0.197696
0.197907
0.198119
0.198334
0.19855
0.198768
0.198989
0.199211
0.199435
0.199661
0.199889
0.200119
0.200351
0.200585
0.20082
0.201058
0.201298
0.20154
0.201784
0.20203
0.202279
0.202529
0.202781
0.203035
0.203292
0.20355
0.203811
0.204074
0.204339
0.204606
0.204875
0.205146
0.20542
0.205695
0.205973
0.206253
0.206535
0.20682
0.207107
0.207396
0.207687
0.20798
0.208276
0.208574
0.208875
0.209177
0.209482
0.209789
0.210099
0.210411
0.210725
0.211042
0.211361
0.211683
0.212007
0.212333
0.212662
0.212993
0.213327
0.213663
0.214001
0.214342
0.214686
0.215032
0.215381
0.215732
0.216086
0.216442
0.216801
0.217162
0.217526
0.217893
0.218262
0.218634
0.219009
0.219386
0.219766
0.220149
0.220534
0.220922
0.221313
0.221706
0.222103
0.222502
0.222903
0.223308
0.223716
0.224126
0.224539
0.224955
0.225374
0.225796
0.22622
0.226648
0.227078
0.227512
0.227948
0.228387
0.22883
0.229275
0.229724
0.230175
0.230629
0.231087
0.231547
0.232011
0.232478
0.232948
0.233421
0.233897
0.234376
0.234859
0.235345
0.235834
0.236326
0.236821
0.23732
0.237822
0.238327
0.238836
0.239348
0.239863
0.240381
0.240903
0.241429
0.241957
0.24249
0.243025
0.243564
0.244107
0.244653
0.245203
0.245756
0.246312
0.246873
0.247436
0.248004
0.248575
0.249149
0.249728
0.25031
0.250895
0.251485
0.252078
0.252674
0.253275
0.253879
0.254487
0.255099
0.255715
0.256334
0.256958
0.257585
0.258216
0.258852
0.259491
0.260134
0.260781
0.261432
0.262087
0.262746
0.263409
0.264076
0.264747
0.265422
0.266102
0.266785
0.267473
0.268165
0.268861
0.269562
0.270266
0.270975
0.271688
0.272405
0.273127
0.273853
0.274584
0.275319
0.276058
0.276801
0.277549
0.278302
0.279059
0.27982
0.280586
0.281357
0.282132
0.282912
0.283696
0.284485
0.285278
0.286077
0.286879
0.287687
0.288499
0.289316
0.290138
0.290964
0.291796
0.292632
0.293473
0.294319
0.29517
0.296025
0.296886
0.297751
0.298622
0.299497
0.300378
0.301263
0.302154
0.303049
0.30395
0.304856
0.305767
0.306683
0.307604
0.308531
0.309463
0.3104
0.311342
0.312289
0.313242
0.3142
0.315164
0.316133
0.317107
0.318087
0.319072
0.320062
0.321058
0.32206
0.323067
0.324079
0.325097
0.326121
0.32715
0.328185
0.329226
0.330272
0.331324
0.332382
0.333445
0.334514
0.335589
0.33667
0.337756
0.338849
0.339947
0.341051
0.342161
0.343277
0.344399
0.345526
0.34666
0.3478
0.348946
0.350098
0.351256
0.35242
0.35359
0.354766
0.355949
0.357137
0.358332
0.359533
0.360741
0.361954
0.363174
0.3644
0.365633
0.366871
0.368117
0.369368
0.370626
0.37189
0.373161
0.374439
0.375722
0.377013
0.378309
0.379613
0.380923
0.382239
0.383562
0.384892
0.386229
0.387572
0.388922
0.390278
0.391641
0.393011
0.394388
0.395771
0.397162
0.398559
0.399963
0.401374
0.402792
0.404216
0.405648
0.407086
0.408532
0.409984
0.411444
0.41291
0.414384
0.415864
0.417352
0.418847
0.420348
0.421857
0.423374
0.424897
0.426427
0.427965
0.42951
0.431062
0.432621
0.434188
0.435762
0.437343
0.438932
0.440527
0.442131
0.443741
0.445359
0.446985
0.448617
0.450258
0.451905
0.45356
0.455223
0.456893
0.458571
0.460256
0.461949
0.463649
0.465357
0.467072
0.468795
0.470526
0.472264
0.47401
0.475764
0.477525
0.479294
0.481071
0.482855
0.484648
0.486448
0.488255
0.490071
0.491894
0.493725
0.495564
0.497411
0.499265
0.501128
0.502998
0.504876
0.506762
0.508656
0.510558
0.512468
0.514385
0.516311
0.518245
0.520186
0.522136
0.524093
0.526059
0.528033
0.530014
0.532004
0.534002
0.536008
0.538021
0.540043
0.542074
0.544112
0.546158
0.548212
0.550275
0.552346
0.554424
0.556511
0.558607
0.56071
0.562821
0.564941
0.567069
0.569205
0.57135
0.573502
0.575663
0.577832
0.58001
0.582195
0.584389
0.586592
0.588802
0.591021
0.593248
0.595484
0.597727
0.59998
0.60224
0.604509
0.606786
0.609072
0.611366
0.613668
0.615979
0.618298
0.620626
0.622962
0.625306
0.627659
0.630021
0.632391
0.634769
0.637156
0.639551
0.641955
0.644367
0.646788
0.649218
0.651655
0.654102
0.656557
0.659021
0.661493
0.663974
0.666463
0.668961
0.671468
0.673984
0.676508
0.67904
0.681582
0.684132
0.686691
0.689258
0.691835
0.69442
0.697014
0.699616
0.702228
0.704848
0.707477
0.710115
0.712762
0.715418
0.718083
0.720757
0.723439
0.726131
0.728832
0.731542
0.73426
0.736988
0.739725
0.742471
0.745227
0.747991
0.750765
0.753548
0.75634
0.759141
0.761952
0.764773
0.767602
0.770441
0.77329
0.776148
0.779015
0.781893
0.784779
0.787676
0.790582
0.793498
0.796424
0.799359
0.802305
0.80526
0.808226
0.811201
0.814186
0.817182
0.820188
0.823204
0.826231
0.829267
0.832315
0.835372
0.83844
0.841519
0.844609
0.847709
0.85082
0.853943
0.857076
0.86022
0.863375
0.866541
0.869719
0.872908
0.876109
0.879321
0.882545
0.88578
0.889027
0.892287
0.895558
0.898841
0.902137
0.905445
0.908765
0.912098
0.915443
0.918802
0.922173
0.925557
0.928954
0.932365
0.935789
0.939226
0.942677
0.946142
0.949621
0.953113
0.95662
0.960142
0.963677
0.967228
0.970793
0.974373
0.977968
0.981579
0.985205
0.988846
0.992503
0.996177
0.999866
1.00357
1.00729
1.01103
1.01479
1.01856
1.02235
1.02616
1.02998
1.03383
1.03769
1.04156
1.04546
1.04938
1.05331
1.05727
1.06124
1.06523
1.06925
1.07328
1.07733
1.08141
1.0855
1.08962
1.09375
1.09791
1.10209
1.1063
1.11052
1.11477
1.11904
1.12333
1.12765
1.13199
1.13635
1.14074
1.14515
1.14959
1.15405
1.15854
1.16306
1.1676
1.17216
1.17676
1.18138
1.18602
1.1907
1.1954
1.20013
1.20489
1.20968
1.2145
1.21934
1.22422
1.22913
1.23406
1.23903
1.24403
1.24906
1.25413
1.25922
1.26435
1.26951
1.2747
1.27993
1.28519
1.29049
1.29582
1.30119
1.30659
1.31202
1.3175
1.32301
1.32855
1.33414
1.33976
1.34542
1.35111
1.35685
1.36262
1.36844
1.37429
1.38018
1.38612
1.39209
1.39811
1.40417
1.41027
1.41641
1.42259
1.42882
1.43509
1.4414
1.44776
1.45416
1.4606
1.46709
1.47363
1.48021
1.48683
1.49351
1.50023
1.50699
1.5138
1.52066
1.52757
1.53453
1.54153
1.54858
1.55568
1.56283
1.57003
1.57728
1.58457
1.59192
1.59932
1.60676
1.61426
1.62181
1.62941
1.63706
1.64476
1.65252
1.66032
1.66818
1.67609
1.68405
1.69206
1.70012
1.70824
1.71641
1.72463
1.73291
1.74124
1.74962
1.75805
1.76654
1.77508
1.78367
1.79231
1.80101
1.80976
1.81857
1.82742
1.83633
1.84529
1.85431
1.86337
1.87249
1.88166
1.89088
1.90015
1.90948
1.91886
1.92828
1.93776
1.94729
1.95687
1.9665
1.97618
1.98591
1.99569
2.00551
2.01539
2.02531
2.03528
2.0453
2.05537
2.06548
2.07564
2.08584
2.09609
2.10638
2.11672
2.1271
2.13752
2.14798
2.15849
2.16903
2.17962
2.19025
2.20091
2.21162
2.22236
2.23314
2.24395
2.2548
2.26568
2.2766
2.28755
2.29853
2.30954
2.32058
2.33166
2.34276
2.35388
2.36504
2.37622
2.38742
2.39865
2.4099
2.42117
2.43246
2.44377
2.45509
2.46644
2.4778
2.48917
2.50056
2.51196
2.52337
2.53479
2.54622
2.55766
2.5691
2.58054
2.59199
2.60344
2.6149
2.62635
2.6378
2.64924
2.66068
2.67211
2.68354
2.69496
2.70636
2.71776
2.72914
2.7405
2.75185
2.76318
2.77449
2.78578
2.79704
2.80828
2.8195
2.83068
2.84184
2.85297
2.86406
2.87512
2.88615
2.89714
2.90808
2.91899
2.92986
2.94068
2.95145
2.96218
2.97286
2.98349
2.99407
3.00459
3.01506
3.02547
3.03582
3.04611
3.05633
3.0665
3.07659
3.08662
3.09658
3.10647
3.11629
3.12604
3.1357
3.14529
3.1548
3.16423
3.17358
3.18284
3.19202
3.20111
3.21011
3.21902
3.22784
3.23656
3.24519
3.25373
3.26216
3.27049
3.27872
3.28685
3.29488
3.3028
3.31061
3.31831
3.3259
3.33338
3.34074
3.34799
3.35513
3.36215
3.36905
3.37582
3.38248
3.38902
3.39543
3.40171
3.40787
3.4139
3.4198
3.42558
3.43122
3.43673
3.4421
3.44734
3.45245
3.45742
3.46225
3.46694
3.4715
3.47591
3.48018
3.48431
3.4883
3.49214
3.49584
3.4994
3.50281
3.50607
3.50918
3.51215
3.51497
3.51764
3.52016
3.52253
3.52475
3.52681
3.52873
3.53049
3.53211
3.53357
3.53487
3.53603
3.53703
3.53787
3.53857
3.53911
3.53949
3.53972
3.5398
