2048 1 1
1.41437e-10 2.30966e-10 3.26636e-10
8.48532
8.48486
8.48348
8.48119
8.47799
8.47387
8.46884
8.4629
8.45605
8.44829
8.43963
8.43007
8.41961
8.40826
8.39601
8.38288
8.36886
8.35397
8.3382
8.32156
8.30406
8.2857
8.26649
8.24643
8.22554
8.20381
8.18125
8.15788
8.13369
8.10871
8.08292
8.05635
8.029
8.00087
7.97199
7.94235
7.91197
7.88085
7.84901
7.81645
7.78319
7.74923
7.71458
7.67927
7.64329
7.60665
7.56938
7.53147
7.49295
7.45382
7.41409
7.37377
7.33289
7.29144
7.24945
7.20692
7.16386
7.12029
7.07623
7.03168
6.98665
6.94116
6.89523
6.84886
6.80207
6.75486
6.70726
6.65928
6.61093
6.56221
6.51316
6.46377
6.41407
6.36406
6.31376
6.26318
6.21233
6.16123
6.1099
6.05833
6.00655
5.95458
5.90241
5.85007
5.79757
5.74492
5.69213
5.63922
5.5862
5.53308
5.47987
5.42659
5.37325
5.31985
5.26642
5.21296
5.15949
5.10601
5.05255
4.9991
4.94569
4.89231
4.83899
4.78574
4.73256
4.67947
4.62647
4.57358
4.5208
4.46815
4.41564
4.36328
4.31106
4.25902
4.20715
4.15546
4.10396
4.05267
4.00158
3.95071
3.90007
3.84966
3.79949
3.74957
3.69991
3.65051
3.60138
3.55253
3.50396
3.45568
3.4077
3.36003
3.31266
3.26561
3.21888
3.17248
3.1264
3.08067
3.03527
2.99022
2.94552
2.90118
2.8572
2.81358
2.77032
2.72744
2.68493
2.64279
2.60104
2.55967
2.51869
2.47809
2.43789
2.39808
2.35867
2.31965
2.28103
2.24281
2.205
2.16759
2.13058
2.09398
2.05778
2.022
1.98662
1.95165
1.91708
1.88293
1.84918
1.81585
1.78292
1.7504
1.71829
1.68658
1.65529
1.62439
1.5939
1.56382
1.53413
1.50485
1.47597
1.44749
1.4194
1.3917
1.3644
1.33749
1.31097
1.28484
1.25909
1.23373
1.20874
1.18414
1.15991
1.13605
1.11256
1.08944
1.06669
1.0443
1.02226
1.00059
0.979269
0.958298
0.937676
0.917398
0.897462
0.877864
0.858602
0.839672
0.82107
0.802794
0.784839
0.767204
0.749884
0.732875
0.716176
0.699781
0.683687
0.667892
0.652391
0.637181
0.622259
0.60762
0.593262
0.57918
0.565372
0.551833
0.53856
0.52555
0.512799
0.500303
0.488059
0.476063
0.464312
0.452802
0.44153
0.430492
0.419684
0.409104
0.398747
0.38861
0.378691
0.368984
0.359488
0.350198
0.341112
0.332225
0.323535
0.315038
0.306732
0.298612
0.290675
0.282919
0.275341
0.267936
0.260702
0.253637
0.246736
0.239997
0.233416
0.226992
0.220721
0.2146
0.208626
0.202796
0.197108
0.191559
0.186146
0.180866
0.175718
0.170697
0.165802
0.16103
0.156378
0.151844
0.147426
0.143121
0.138927
0.134841
0.130861
0.126985
0.12321
0.119535
0.115957
0.112473
0.109083
0.105783
0.102572
0.0994481
0.0964087
0.093452
0.0905763
0.0877796
0.0850601
0.0824159
0.0798453
0.0773465
0.0749178
0.0725576
0.0702641
0.0680358
0.065871
0.0637682
0.0617259
0.0597425
0.0578167
0.0559468
0.0541316
0.0523697
0.0506596
0.0490001
0.0473898
0.0458275
0.0443119
0.0428418
0.041416
0.0400333
0.0386927
0.0373928
0.0361328
0.0349114
0.0337277
0.0325806
0.0314691
0.0303923
0.0293491
0.0283387
0.0273601
0.0264124
0.0254948
0.0246065
0.0237465
0.0229141
0.0221085
0.0213289
0.0205746
0.0198448
0.0191389
0.0184561
0.0177957
0.017157
0.0165396
0.0159426
0.0153655
0.0148077
0.0142686
0.0137476
0.0132443
0.0127579
0.0122882
0.0118344
0.0113962
0.010973
0.0105644
0.0101699
0.00978905
0.00942147
0.00906671
0.00872437
0.00839405
0.00807536
0.00776794
0.00747141
0.00718542
0.00690964
0.00664372
0.00638735
0.00614021
0.00590199
0.0056724
0.00545116
0.00523797
0.00503259
0.00483473
0.00464415
0.0044606
0.00428385
0.00411365
0.00394979
0.00379205
0.00364021
0.00349407
0.00335344
0.00321813
0.00308794
0.00296269
0.00284222
0.00272636
0.00261493
0.00250779
0.00240478
0.00230575
0.00221056
0.00211907
0.00203115
0.00194667
0.00186549
0.00178751
0.00171261
0.00164067
0.00157158
0.00150523
0.00144153
0.00138038
0.00132168
0.00126534
0.00121127
0.00115938
0.0011096
0.00106184
0.00101603
0.000972088
0.000929947
0.000889536
0.000850789
0.000813643
0.000778034
0.000743903
0.000711193
0.000679848
0.000649814
0.000621039
0.000593475
0.000567073
0.000541787
0.000517573
0.000494388
0.00047219
0.00045094
0.0004306
0.000411133
0.000392504
0.000374678
0.000357624
0.000341308
0.000325702
0.000310776
0.000296502
0.000282853
0.000269804
0.000257328
0.000245403
0.000234005
0.000223113
0.000212704
0.00020276
0.000193259
0.000184183
0.000175515
0.000167237
0.000159332
0.000151784
0.000144578
0.0001377
0.000131134
0.000124868
0.000118889
0.000113184
0.000107741
0.000102548
9.75956e-05
9.2872e-05
8.83676e-05
8.40725e-05
7.99776e-05
7.60738e-05
7.23529e-05
6.88065e-05
6.54268e-05
6.22065e-05
5.91382e-05
5.62153e-05
5.3431e-05
5.07792e-05
4.82537e-05
4.58489e-05
4.35593e-05
4.13795e-05
3.93046e-05
3.73296e-05
3.54501e-05
3.36616e-05
3.19599e-05
3.03409e-05
2.88008e-05
2.7336e-05
2.59428e-05
2.4618e-05
2.33583e-05
2.21607e-05
2.10222e-05
1.99401e-05
1.89116e-05
1.79342e-05
1.70055e-05
1.61232e-05
1.5285e-05
1.44888e-05
1.37325e-05
1.30144e-05
1.23325e-05
1.1685e-05
1.10704e-05
1.04869e-05
9.93313e-06
9.40758e-06
8.90887e-06
8.43569e-06
7.98678e-06
7.56094e-06
7.15703e-06
6.77397e-06
6.41072e-06
6.0663e-06
5.73976e-06
5.43021e-06
5.13679e-06
4.85871e-06
4.59519e-06
4.34549e-06
4.10892e-06
3.8848e-06
3.67251e-06
3.47145e-06
3.28104e-06
3.10074e-06
2.93004e-06
2.76843e-06
2.61545e-06
2.47066e-06
2.33363e-06
2.20397e-06
2.08128e-06
1.96521e-06
1.85542e-06
1.75157e-06
1.65335e-06
1.56047e-06
1.47265e-06
1.38963e-06
1.31114e-06
1.23695e-06
1.16684e-06
1.10057e-06
1.03796e-06
9.78811e-07
9.22929e-07
8.70143e-07
8.20287e-07
7.73205e-07
7.28747e-07
6.8677e-07
6.47142e-07
6.09734e-07
5.74427e-07
5.41106e-07
5.09662e-07
4.79994e-07
4.52004e-07
4.25601e-07
4.00696e-07
3.77208e-07
3.55059e-07
3.34174e-07
3.14484e-07
2.95921e-07
2.78425e-07
2.61934e-07
2.46394e-07
2.31751e-07
2.17954e-07
2.04957e-07
1.92714e-07
1.81182e-07
1.70323e-07
1.60097e-07
1.50468e-07
1.41404e-07
1.32871e-07
1.24839e-07
1.17281e-07
1.10168e-07
1.03475e-07
9.71785e-08
9.12553e-08
8.56838e-08
8.04438e-08
7.5516e-08
7.08825e-08
6.65261e-08
6.24308e-08
5.85812e-08
5.4963e-08
5.15627e-08
4.83676e-08
4.53656e-08
4.25453e-08
3.9896e-08
3.74077e-08
3.50707e-08
3.28762e-08
3.08157e-08
2.88813e-08
2.70653e-08
2.53608e-08
2.3761e-08
2.22598e-08
2.08512e-08
1.95296e-08
1.82898e-08
1.71268e-08
1.60361e-08
1.50132e-08
1.4054e-08
1.31547e-08
1.23116e-08
1.15213e-08
1.07806e-08
1.00864e-08
9.43589e-09
8.82637e-09
8.25534e-09
7.72042e-09
7.21938e-09
6.75012e-09
6.31069e-09
5.89923e-09
5.514e-09
5.15337e-09
4.8158e-09
4.49986e-09
4.2042e-09
3.92754e-09
3.66868e-09
3.42652e-09
3.2e-09
2.98812e-09
2.78998e-09
2.6047e-09
2.43145e-09
2.26949e-09
2.11808e-09
1.97656e-09
1.8443e-09
1.7207e-09
1.60521e-09
1.49732e-09
1.39652e-09
1.30237e-09
1.21443e-09
1.13231e-09
1.05563e-09
9.84038e-10
9.172e-10
8.54809e-10
7.96577e-10
7.42232e-10
6.91519e-10
6.44201e-10
6.00058e-10
5.58878e-10
5.20467e-10
4.84645e-10
4.51239e-10
4.20091e-10
3.91051e-10
3.63978e-10
3.38743e-10
3.15225e-10
2.93307e-10
2.72883e-10
2.53855e-10
2.36128e-10
2.19614e-10
2.04235e-10
1.89911e-10
1.76572e-10
1.64153e-10
1.52591e-10
1.41828e-10
1.3181e-10
1.22487e-10
1.1381e-10
1.05736e-10
9.82261e-11
9.12384e-11
8.47378e-11
7.86941e-11
7.30723e-11
6.78435e-11
6.29847e-11
5.84658e-11
5.42653e-11
5.03622e-11
4.67334e-11
4.33614e-11
4.02295e-11
3.73205e-11
3.4616e-11
3.21047e-11
2.9773e-11
2.76057e-11
2.55956e-11
2.37282e-11
2.19952e-11
2.03867e-11
1.88936e-11
1.7507e-11
1.62221e-11
1.50291e-11
1.39213e-11
1.28957e-11
1.19428e-11
1.10592e-11
1.02417e-11
9.48119e-12
8.77687e-12
8.12572e-12
7.52054e-12
6.95877e-12
6.44029e-12
5.95779e-12
5.51215e-12
5.10014e-12
4.71567e-12
4.36184e-12
4.03455e-12
3.7288e-12
3.44846e-12
3.18845e-12
2.94642e-12
2.72293e-12
2.51676e-12
2.32425e-12
2.14884e-12
1.98586e-12
1.83287e-12
1.69254e-12
1.56519e-12
1.44307e-12
1.33471e-12
1.23102e-12
1.13576e-12
1.05005e-12
9.68003e-13
8.92508e-13
8.25451e-13
7.60503e-13
7.00329e-13
6.47593e-13
5.96856e-13
5.49227e-13
5.08815e-13
4.67404e-13
4.29989e-13
3.99014e-13
3.66374e-13
3.36731e-13
3.12528e-13
2.86771e-13
2.64566e-13
2.44693e-13
2.23266e-13
2.0639e-13
1.9118e-13
1.74194e-13
1.61648e-13
1.49547e-13
1.35225e-13
1.25566e-13
1.15796e-13
1.05471e-13
9.76996e-14
9.01501e-14
8.17124e-14
7.60503e-14
6.92779e-14
6.32827e-14
5.88418e-14
5.4734e-14
4.9738e-14
4.65183e-14
4.15223e-14
3.86358e-14
3.58602e-14
3.27516e-14
2.9976e-14
2.84217e-14
2.44249e-14
2.29816e-14
2.23155e-14
1.9762e-14
1.73195e-14
1.76525e-14
1.4988e-14
1.34337e-14
1.37668e-14
1.16573e-14
1.06581e-14
1.0103e-14
7.77156e-15
8.10463e-15
7.54952e-15
6.21725e-15
6.43929e-15
6.55032e-15
4.996e-15
4.66294e-15
4.44089e-15
3.10862e-15
3.77476e-15
3.10862e-15
1.77636e-15
3.10862e-15
2.10942e-15
1.55431e-15
2.10942e-15
2.33147e-15
1.33227e-15
2.66454e-15
2.22045e-15
1.33227e-15
2.77556e-15
1.66533e-15
1.88738e-15
2.66454e-15
1.44329e-15
1.22125e-15
2.10942e-15
4.44089e-16
8.88178e-16
1.44329e-15
4.44089e-16
5.55112e-16
1.55431e-15
0
3.33067e-16
1.44329e-15
7.77156e-16
1.55431e-15
9.99201e-16
-4.44089e-16
7.77156e-16
2.22045e-16
-2.22045e-16
2.22045e-16
1.88738e-15
0
1.44329e-15
2.22045e-16
9.99201e-16
1.22125e-15
3.33067e-16
1.11022e-15
1.33227e-15
1.11022e-16
1.44329e-15
8.88178e-16
5.55112e-16
1.33227e-15
1.44329e-15
5.55112e-16
1.55431e-15
1.66533e-15
7.77156e-16
5.55112e-16
1.22125e-15
8.88178e-16
1.33227e-15
1.55431e-15
5.55112e-16
2.22045e-16
1.11022e-15
2.22045e-16
1.11022e-16
1.33227e-15
9.99201e-16
3.33067e-16
1.11022e-15
6.66134e-16
7.77156e-16
7.77156e-16
5.55112e-16
3.33067e-16
1.33227e-15
1.22125e-15
5.55112e-16
9.99201e-16
8.88178e-16
8.88178e-16
7.77156e-16
1.22125e-15
2.22045e-16
4.44089e-16
9.99201e-16
7.77156e-16
1.11022e-15
1.22125e-15
1.55431e-15
6.66134e-16
1.22125e-15
8.88178e-16
3.33067e-16
3.33067e-16
8.88178e-16
9.99201e-16
6.66134e-16
6.66134e-16
1.11022e-15
7.77156e-16
1.33227e-15
1.22125e-15
8.88178e-16
1.22125e-15
1.22125e-15
1.77636e-15
1.55431e-15
1.22125e-15
7.77156e-16
8.88178e-16
1.33227e-15
9.99201e-16
1.11022e-15
8.88178e-16
1.44329e-15
1.11022e-15
8.88178e-16
1.33227e-15
6.66134e-16
7.77156e-16
1.33227e-15
1.22125e-15
5.55112e-16
6.66134e-16
9.99201e-16
7.77156e-16
4.44089e-16
5.55112e-16
8.88178e-16
4.44089e-16
5.55112e-16
9.99201e-16
8.88178e-16
9.99201e-16
7.77156e-16
4.44089e-16
1.33227e-15
9.99201e-16
7.77156e-16
9.99201e-16
1.22125e-15
6.66134e-16
1.11022e-15
-2.22045e-16
-6.66134e-16
7.77156e-16
3.33067e-16
6.66134e-16
1.11022e-15
3.33067e-16
6.66134e-16
9.99201e-16
-2.22045e-16
4.44089e-16
1.44329e-15
-4.44089e-16
8.88178e-16
6.66134e-16
-4.44089e-16
5.55112e-16
3.33067e-16
7.77156e-16
1.22125e-15
3.33067e-16
3.33067e-16
3.33067e-16
6.66134e-16
1.11022e-15
2.22045e-16
8.88178e-16
-4.44089e-16
7.77156e-16
2.22045e-16
8.88178e-16
4.44089e-16
2.22045e-16
3.33067e-16
3.33067e-16
-2.22045e-16
6.66134e-16
6.66134e-16
2.22045e-16
0
5.55112e-16
-2.22045e-16
7.77156e-16
5.55112e-16
-2.22045e-16
2.22045e-16
5.55112e-16
2.22045e-16
1.11022e-16
-2.22045e-16
-6.66134e-16
4.44089e-16
1.11022e-16
1.11022e-16
4.44089e-16
2.22045e-16
3.33067e-16
4.44089e-16
0
-2.22045e-16
4.44089e-16
0
-4.44089e-16
0
-2.22045e-16
8.88178e-16
0
1.11022e-16
3.33067e-16
3.33067e-16
-4.44089e-16
-6.66134e-16
-4.44089e-16
-4.44089e-16
1.11022e-16
1.11022e-16
0
0
4.44089e-16
0
2.22045e-16
0
3.33067e-16
0
-4.44089e-16
3.33067e-16
4.44089e-16
7.77156e-16
0
1.11022e-16
1.11022e-16
1.11022e-16
-2.22045e-16
-1.11022e-15
0
3.33067e-16
-4.44089e-16
7.77156e-16
-2.22045e-16
-6.66134e-16
-2.22045e-16
-2.22045e-16
-6.66134e-16
-2.22045e-16
-4.44089e-16
-1.11022e-15
-2.22045e-16
-2.22045e-16
-4.44089e-16
1.11022e-16
1.11022e-16
-8.88178e-16
-4.44089e-16
-6.66134e-16
-8.88178e-16
-4.44089e-16
-6.66134e-16
-8.88178e-16
-1.11022e-15
-6.66134e-16
-1.11022e-15
-6.66134e-16
-6.66134e-16
-6.66134e-16
-1.11022e-15
-1.11022e-15
-6.66134e-16
-1.11022e-15
-8.88178e-16
-6.66134e-16
-8.88178e-16
-1.33227e-15
5.55112e-16
6.66134e-16
1.11022e-16
-2.22045e-16
0
-6.66134e-16
2.22045e-16
-2.22045e-16
-2.22045e-16
-2.22045e-16
-6.66134e-16
-4.44089e-16
0
-1.11022e-15
0
1.11022e-16
-4.44089e-16
0
2.22045e-16
-2.22045e-16
-6.66134e-16
4.44089e-16
0
0
3.33067e-16
-2.22045e-16
-2.22045e-16
5.55112e-16
-2.22045e-16
-4.44089e-16
9.99201e-16
-6.66134e-16
-1.33227e-15
7.77156e-16
-4.44089e-16
-2.22045e-16
2.22045e-16
-4.44089e-16
-6.66134e-16
-6.66134e-16
-1.11022e-15
-1.33227e-15
-1.33227e-15
-1.77636e-15
-1.33227e-15
-1.11022e-15
-2.22045e-15
-1.77636e-15
-1.11022e-15
-2.22045e-15
-1.55431e-15
-1.11022e-15
-1.11022e-15
-1.33227e-15
-1.55431e-15
-1.55431e-15
-1.33227e-15
-1.77636e-15
-1.11022e-15
-1.33227e-15
-1.77636e-15
-1.11022e-15
-1.11022e-15
-4.44089e-16
-6.66134e-16
-6.66134e-16
-6.66134e-16
-1.11022e-15
-1.33227e-15
-6.66134e-16
-1.55431e-15
-1.11022e-15
-8.88178e-16
-8.88178e-16
-1.33227e-15
-1.11022e-15
-1.33227e-15
-2.22045e-16
-1.77636e-15
0
-8.88178e-16
1.11022e-16
-4.44089e-16
-1.11022e-15
-1.77636e-15
0
-1.55431e-15
-2.22045e-16
1.11022e-16
-1.33227e-15
-1.9984e-15
0
-1.55431e-15
-2.22045e-16
3.33067e-16
-1.11022e-15
-1.9984e-15
-6.66134e-16
-1.9984e-15
-4.44089e-16
-4.44089e-16
-1.33227e-15
-1.9984e-15
-4.44089e-16
-1.33227e-15
-4.44089e-16
5.55112e-16
-1.9984e-15
-2.22045e-15
-4.44089e-16
-1.77636e-15
2.22045e-16
3.33067e-16
-1.9984e-15
-1.77636e-15
0
-8.88178e-16
3.33067e-16
-8.88178e-16
-6.66134e-16
-4.44089e-16
-1.77636e-15
-8.88178e-16
-2.22045e-16
-1.11022e-15
2.22045e-16
5.55112e-16
-1.33227e-15
-1.11022e-15
4.44089e-16
-1.11022e-15
-8.88178e-16
4.44089e-16
-1.77636e-15
-4.44089e-16
8.88178e-16
-4.44089e-16
1.11022e-16
9.99201e-16
-1.11022e-15
3.33067e-16
1.66533e-15
-2.22045e-16
2.22045e-16
1.9984e-15
-4.44089e-16
1.55431e-15
2.55351e-15
2.22045e-16
1.9984e-15
3.44169e-15
1.9984e-15
2.88658e-15
4.21885e-15
2.22045e-15
4.21885e-15
5.32907e-15
3.9968e-15
5.44009e-15
4.996e-15
6.43929e-15
6.88338e-15
6.66134e-15
7.88258e-15
8.88178e-15
8.99281e-15
1.08802e-14
1.23235e-14
1.26565e-14
1.38778e-14
1.58762e-14
1.63203e-14
1.82077e-14
1.9762e-14
2.14273e-14
2.34257e-14
2.73115e-14
2.75335e-14
3.08642e-14
3.4972e-14
3.58602e-14
3.9968e-14
4.4853e-14
4.67404e-14
4.996e-14
5.69544e-14
5.92859e-14
6.52811e-14
7.23865e-14
7.64944e-14
8.26006e-14
9.23706e-14
9.85878e-14
1.07914e-13
1.18461e-13
1.26676e-13
1.36779e-13
1.48881e-13
1.62759e-13
1.74194e-13
1.89626e-13
2.07501e-13
2.23488e-13
2.43805e-13
2.65232e-13
2.85438e-13
3.1164e-13
3.38951e-13
3.6593e-13
3.97904e-13
4.32876e-13
4.67182e-13
5.08593e-13
5.52114e-13
5.96856e-13
6.47371e-13
7.02771e-13
7.60281e-13
8.25673e-13
8.95395e-13
9.68225e-13
1.05027e-12
1.13909e-12
1.23102e-12
1.33649e-12
1.44595e-12
1.56519e-12
1.69453e-12
1.83598e-12
1.98608e-12
2.15261e-12
2.32758e-12
2.51721e-12
2.72471e-12
2.94953e-12
3.18823e-12
3.45202e-12
3.73346e-12
4.03633e-12
4.36384e-12
4.72078e-12
5.10214e-12
5.51614e-12
5.9629e-12
6.44185e-12
6.96099e-12
7.52476e-12
8.12705e-12
8.78175e-12
9.48608e-12
1.02437e-11
1.10614e-11
1.19472e-11
1.28986e-11
1.39262e-11
1.50326e-11
1.62246e-11
1.75094e-11
1.8898e-11
2.03894e-11
2.20003e-11
2.37327e-11
2.55992e-11
2.76084e-11
2.97765e-11
3.2108e-11
3.46198e-11
3.73234e-11
4.02319e-11
4.33634e-11
4.67372e-11
5.03639e-11
5.42695e-11
5.84689e-11
6.29865e-11
6.7846e-11
7.30732e-11
7.8696e-11
8.47404e-11
9.12417e-11
9.82283e-11
1.05738e-10
1.13811e-10
1.22489e-10
1.31812e-10
1.41832e-10
1.52594e-10
1.64155e-10
1.76574e-10
1.89913e-10
2.04237e-10
2.19619e-10
2.3613e-10
2.53857e-10
2.72885e-10
2.93309e-10
3.15227e-10
3.38748e-10
3.63981e-10
3.91053e-10
4.20092e-10
4.51241e-10
4.84647e-10
5.20471e-10
5.58879e-10
6.0006e-10
6.44202e-10
6.91521e-10
7.42234e-10
7.9658e-10
8.54811e-10
9.17202e-10
9.84039e-10
1.05563e-09
1.13232e-09
1.21444e-09
1.30237e-09
1.39652e-09
1.49732e-09
1.60522e-09
1.7207e-09
1.8443e-09
1.97656e-09
2.11808e-09
2.26949e-09
2.43145e-09
2.6047e-09
2.78998e-09
2.98813e-09
3.2e-09
3.42652e-09
3.66868e-09
3.92754e-09
4.2042e-09
4.49986e-09
4.8158e-09
5.15337e-09
5.514e-09
5.89923e-09
6.31069e-09
6.75013e-09
7.21938e-09
7.72042e-09
8.25534e-09
8.82638e-09
9.43589e-09
1.00864e-08
1.07806e-08
1.15213e-08
1.23116e-08
1.31547e-08
1.4054e-08
1.50132e-08
1.60361e-08
1.71268e-08
1.82898e-08
1.95296e-08
2.08512e-08
2.22598e-08
2.3761e-08
2.53608e-08
2.70653e-08
2.88813e-08
3.08157e-08
3.28762e-08
3.50707e-08
3.74077e-08
3.9896e-08
4.25453e-08
4.53656e-08
4.83676e-08
5.15627e-08
5.4963e-08
5.85812e-08
6.24308e-08
6.65261e-08
7.08825e-08
7.5516e-08
8.04438e-08
8.56838e-08
9.12552e-08
9.71785e-08
1.03475e-07
1.10168e-07
1.17281e-07
1.24839e-07
1.32871e-07
1.41404e-07
1.50468e-07
1.60097e-07
1.70323e-07
1.81182e-07
1.92714e-07
2.04957e-07
2.17954e-07
2.31751e-07
2.46394e-07
2.61934e-07
2.78425e-07
2.95921e-07
3.14484e-07
3.34174e-07
3.55059e-07
3.77208e-07
4.00696e-07
4.25601e-07
4.52004e-07
4.79994e-07
5.09662e-07
5.41106e-07
5.74427e-07
6.09734e-07
6.47142e-07
6.8677e-07
7.28747e-07
7.73205e-07
8.20287e-07
8.70143e-07
9.22929e-07
9.78811e-07
1.03796e-06
1.10057e-06
1.16684e-06
1.23695e-06
1.31114e-06
1.38963e-06
1.47265e-06
1.56047e-06
1.65335e-06
1.75157e-06
1.85542e-06
1.96521e-06
2.08128e-06
2.20397e-06
2.33363e-06
2.47066e-06
2.61545e-06
2.76843e-06
2.93004e-06
3.10074e-06
3.28104e-06
3.47145e-06
3.67251e-06
3.8848e-06
4.10892e-06
4.34549e-06
4.59519e-06
4.85871e-06
5.13679e-06
5.43021e-06
5.73976e-06
6.0663e-06
6.41072e-06
6.77397e-06
7.15703e-06
7.56094e-06
7.98678e-06
8.43569e-06
8.90887e-06
9.40758e-06
9.93313e-06
1.04869e-05
1.10704e-05
1.1685e-05
1.23325e-05
1.30144e-05
1.37325e-05
1.44888e-05
1.5285e-05
1.61232e-05
1.70055e-05
1.79342e-05
1.89116e-05
1.99401e-05
2.10222e-05
2.21607e-05
2.33583e-05
2.4618e-05
2.59428e-05
2.7336e-05
2.88008e-05
3.03409e-05
3.19599e-05
3.36616e-05
3.54501e-05
3.73296e-05
3.93046e-05
4.13795e-05
4.35593e-05
4.58489e-05
4.82537e-05
5.07792e-05
5.3431e-05
5.62153e-05
5.91382e-05
6.22065e-05
6.54268e-05
6.88065e-05
7.23529e-05
7.60738e-05
7.99776e-05
8.40725e-05
8.83676e-05
9.2872e-05
9.75956e-05
0.000102548
0.000107741
0.000113184
0.000118889
0.000124868
0.000131134
0.0001377
0.000144578
0.000151784
0.000159332
0.000167237
0.000175515
0.000184183
0.000193259
0.00020276
0.000212704
0.000223113
0.000234005
0.000245403
0.000257328
0.000269804
0.000282853
0.000296502
0.000310776
0.000325702
0.000341308
0.000357624
0.000374678
0.000392504
0.000411133
0.0004306
0.00045094
0.00047219
0.000494388
0.000517573
0.000541787
0.000567073
0.000593475
0.000621039
0.000649814
0.000679848
0.000711193
0.000743903
0.000778034
0.000813643
0.000850789
0.000889536
0.000929947
0.000972088
0.00101603
0.00106184
0.0011096
0.00115938
0.00121127
0.00126534
0.00132168
0.00138038
0.00144153
0.00150523
0.00157158
0.00164067
0.00171261
0.00178751
0.00186549
0.00194667
0.00203115
0.00211907
0.00221056
0.00230575
0.00240478
0.00250779
0.00261493
0.00272636
0.00284222
0.00296269
0.00308794
0.00321813
0.00335344
0.00349407
0.00364021
0.00379205
0.00394979
0.00411365
0.00428385
0.0044606
0.00464415
0.00483473
0.00503259
0.00523797
0.00545116
0.0056724
0.00590199
0.00614021
0.00638735
0.00664372
0.00690964
0.00718542
0.00747141
0.00776794
0.00807536
0.00839405
0.00872437
0.00906671
0.00942147
0.00978905
0.0101699
0.0105644
0.010973
0.0113962
0.0118344
0.0122882
0.0127579
0.0132443
0.0137476
0.0142686
0.0148077
0.0153655
0.0159426
0.0165396
0.017157
0.0177957
0.0184561
0.0191389
0.0198448
0.0205746
0.0213289
0.0221085
0.0229141
0.0237465
0.0246065
0.0254948
0.0264124
0.0273601
0.0283387
0.0293491
0.0303923
0.0314691
0.0325806
0.0337277
0.0349114
0.0361328
0.0373928
0.0386927
0.0400333
0.041416
0.0428418
0.0443119
0.0458275
0.0473898
0.0490001
0.0506596
0.0523697
0.0541316
0.0559468
0.0578167
0.0597425
0.0617259
0.0637682
0.065871
0.0680358
0.0702641
0.0725576
0.0749178
0.0773465
0.0798453
0.0824159
0.0850601
0.0877796
0.0905763
0.093452
0.0964087
0.0994481
0.102572
0.105783
0.109083
0.112473
0.115957
0.119535
0.12321
0.126985
0.130861
0.134841
0.138927
0.143121
0.147426
0.151844
0.156378
0.16103
0.165802
0.170697
0.175718
0.180866
0.186146
0.191559
0.197108
0.202796
0.208626
0.2146
0.220721
0.226992
0.233416
0.239997
0.246736
0.253637
0.260702
0.267936
0.275341
0.282919
0.290675
0.298612
0.306732
0.315038
0.323535
0.332225
0.341112
0.350198
0.359488
0.368984
0.378691
0.38861
0.398747
0.409104
0.419684
0.430492
0.44153
0.452802
0.464312
0.476063
0.488059
0.500303
0.512799
0.52555
0.53856
0.551833
0.565372
0.57918
0.593262
0.60762
0.622259
0.637181
0.652391
0.667892
0.683687
0.699781
0.716176
0.732875
0.749884
0.767204
0.784839
0.802794
0.82107
0.839672
0.858602
0.877864
0.897462
0.917398
0.937676
0.958298
0.979269
1.00059
1.02226
1.0443
1.06669
1.08944
1.11256
1.13605
1.15991
1.18414
1.20874
1.23373
1.25909
1.28484
1.31097
1.33749
1.3644
1.3917
1.4194
1.44749
1.47597
1.50485
1.53413
1.56382
1.5939
1.62439
1.65529
1.68658
1.71829
1.7504
1.78292
1.81585
1.84918
1.88293
1.91708
1.95165
1.98662
2.022
2.05778
2.09398
2.13058
2.16759
2.205
2.24281
2.28103
2.31965
2.35867
2.39808
2.43789
2.47809
2.51869
2.55967
2.60104
2.64279
2.68493
2.72744
2.77032
2.81358
2.8572
2.90118
2.94552
2.99022
3.03527
3.08067
3.1264
3.17248
3.21888
3.26561
3.31266
3.36003
3.4077
3.45568
3.50396
3.55253
3.60138
3.65051
3.69991
3.74957
3.79949
3.84966
3.90007
3.95071
4.00158
4.05267
4.10396
4.15546
4.20715
4.25902
4.31106
4.36328
4.41564
4.46815
4.5208
4.57358
4.62647
4.67947
4.73256
4.78574
4.83899
4.89231
4.94569
4.9991
5.05255
5.10601
5.15949
5.21296
5.26642
5.31985
5.37325
5.42659
5.47987
5.53308
5.5862
5.63922
5.69213
5.74492
5.79757
5.85007
5.90241
5.95458
6.00655
6.05833
6.1099
6.16123
6.21233
6.26318
6.31376
6.36406
6.41407
6.46377
6.51316
6.56221
6.61093
6.65928
6.70726
6.75486
6.80207
6.84886
6.89523
6.94116
6.98665
7.03168
7.07623
7.12029
7.16386
7.20692
7.24945
7.29144
7.33289
7.37377
7.41409
7.45382
7.49295
7.53147
7.56938
7.60665
7.64329
7.67927
7.71458
7.74923
7.78319
7.81645
7.84901
7.88085
7.91197
7.94235
7.97199
8.00087
8.029
8.05635
8.08292
8.10871
8.13369
8.15788
8.18125
8.20381
8.22554
8.24643
8.26649
8.2857
8.30406
8.32156
8.3382
8.35397
8.36886
8.38288
8.39601
8.40826
8.41961
8.43007
8.43963
8.44829
8.45605
8.4629
8.46884
8.47387
8.47799
8.48119
8.48348
8.48486
8.48532
