2048 1 1
1.41437e-10 2.30966e-10 3.26636e-10
15.0788
15.0785
15.0776
15.0761
15.074
15.0713
15.0679
15.064
15.0595
15.0544
15.0486
15.0423
15.0354
15.0279
15.0198
15.011
15.0017
14.9918
14.9814
14.9703
14.9586
14.9464
14.9335
14.9201
14.9061
14.8916
14.8764
14.8607
14.8444
14.8275
14.8101
14.7921
14.7736
14.7545
14.7348
14.7146
14.6938
14.6725
14.6507
14.6283
14.6053
14.5819
14.5579
14.5334
14.5083
14.4828
14.4567
14.4301
14.403
14.3754
14.3474
14.3188
14.2897
14.2601
14.2301
14.1995
14.1685
14.137
14.1051
14.0727
14.0398
14.0065
13.9728
13.9386
13.9039
13.8688
13.8333
13.7974
13.761
13.7243
13.6871
13.6495
13.6115
13.5731
13.5343
13.4952
13.4556
13.4157
13.3754
13.3348
13.2938
13.2524
13.2107
13.1686
13.1262
13.0835
13.0404
12.997
12.9533
12.9093
12.8649
12.8203
12.7754
12.7301
12.6846
12.6388
12.5927
12.5464
12.4998
12.4529
12.4058
12.3584
12.3107
12.2629
12.2147
12.1664
12.1178
12.069
12.02
11.9708
11.9214
11.8718
11.822
11.772
11.7218
11.6714
11.6208
11.5701
11.5192
11.4682
11.417
11.3656
11.3141
11.2625
11.2107
11.1588
11.1068
11.0546
11.0023
10.9499
10.8974
10.8448
10.7921
10.7393
10.6864
10.6334
10.5803
10.5272
10.474
10.4207
10.3673
10.3139
10.2604
10.2069
10.1533
10.0996
10.046
9.99224
9.93849
9.8847
9.83089
9.77705
9.7232
9.66932
9.61543
9.56154
9.50763
9.45372
9.39982
9.34591
9.29201
9.23813
9.18425
9.13039
9.07656
9.02274
8.96895
8.91518
8.86145
8.80775
8.75409
8.70047
8.64689
8.59335
8.53987
8.48643
8.43304
8.37971
8.32644
8.27323
8.22008
8.167
8.11398
8.06103
8.00815
7.95535
7.90262
7.84997
7.7974
7.74491
7.6925
7.64018
7.58795
7.53581
7.48375
7.4318
7.37993
7.32816
7.27649
7.22492
7.17345
7.12208
7.07082
7.01966
6.96861
6.91766
6.86683
6.81611
6.7655
6.715
6.66462
6.61435
6.5642
6.51417
6.46425
6.41446
6.36479
6.31524
6.26581
6.21651
6.16733
6.11828
6.06936
6.02056
5.97189
5.92335
5.87494
5.82666
5.77851
5.73049
5.68261
5.63486
5.58724
5.53976
5.49241
5.44519
5.39812
5.35117
5.30437
5.2577
5.21117
5.16478
5.11852
5.0724
5.02643
4.98059
4.93489
4.88933
4.84391
4.79863
4.75349
4.70849
4.66363
4.61892
4.57434
4.52991
4.48561
4.44146
4.39745
4.35358
4.30985
4.26627
4.22282
4.17952
4.13636
4.09334
4.05046
4.00772
3.96513
3.92268
3.88036
3.83819
3.79616
3.75428
3.71253
3.67092
3.62946
3.58813
3.54695
3.5059
3.465
3.42424
3.38361
3.34313
3.30278
3.26258
3.22251
3.18258
3.14279
3.10314
3.06363
3.02425
2.98502
2.94592
2.90695
2.86813
2.82944
2.79088
2.75247
2.71418
2.67604
2.63803
2.60015
2.56241
2.5248
2.48733
2.44999
2.41278
2.37571
2.33876
2.30195
2.26528
2.22873
2.19232
2.15603
2.11988
2.08386
2.04796
2.0122
1.97657
1.94106
1.90568
1.87044
1.83531
1.80032
1.76545
1.73071
1.6961
1.66161
1.62725
1.59301
1.5589
1.52491
1.49105
1.45731
1.42369
1.3902
1.35682
1.32358
1.29045
1.25744
1.22456
1.19179
1.15915
1.12662
1.09422
1.06193
1.02976
0.997714
0.965783
0.933969
0.902273
0.870693
0.83923
0.807882
0.776651
0.745534
0.714533
0.683646
0.652873
0.622214
0.591668
0.561235
0.530915
0.500707
0.470611
0.440626
0.410752
0.380989
0.351336
0.321793
0.29236
0.263036
0.23382
0.204713
0.175714
0.146823
0.118039
0.0893615
0.0607909
0.0323265
0.00396785
-0.0242854
-0.0524336
-0.0804771
-0.108416
-0.136251
-0.163983
-0.191612
-0.219137
-0.24656
-0.273881
-0.301101
-0.328218
-0.355235
-0.382151
-0.408967
-0.435683
-0.4623
-0.488817
-0.515235
-0.541554
-0.567776
-0.5939
-0.619926
-0.645855
-0.671687
-0.697423
-0.723063
-0.748607
-0.774056
-0.79941
-0.824669
-0.849834
-0.874904
-0.899881
-0.924765
-0.949556
-0.974254
-0.99886
-1.02337
-1.0478
-1.07213
-1.09637
-1.12052
-1.14458
-1.16855
-1.19243
-1.21622
-1.23992
-1.26353
-1.28705
-1.31049
-1.33384
-1.3571
-1.38028
-1.40336
-1.42637
-1.44928
-1.47211
-1.49485
-1.51751
-1.54009
-1.56258
-1.58498
-1.60731
-1.62954
-1.6517
-1.67377
-1.69576
-1.71767
-1.73949
-1.76124
-1.7829
-1.80448
-1.82598
-1.8474
-1.86874
-1.89
-1.91118
-1.93228
-1.95331
-1.97425
-1.99511
-2.0159
-2.03661
-2.05724
-2.0778
-2.09827
-2.11867
-2.139
-2.15925
-2.17942
-2.19952
-2.21954
-2.23949
-2.25936
-2.27916
-2.29888
-2.31853
-2.33811
-2.35761
-2.37704
-2.3964
-2.41568
-2.43489
-2.45404
-2.4731
-2.4921
-2.51103
-2.52989
-2.54867
-2.56739
-2.58603
-2.60461
-2.62311
-2.64155
-2.65992
-2.67821
-2.69644
-2.71461
-2.7327
-2.75073
-2.76869
-2.78658
-2.8044
-2.82216
-2.83985
-2.85748
-2.87504
-2.89253
-2.90996
-2.92732
-2.94462
-2.96185
-2.97902
-2.99613
-3.01317
-3.03014
-3.04706
-3.06391
-3.0807
-3.09742
-3.11408
-3.13068
-3.14722
-3.16369
-3.18011
-3.19646
-3.21275
-3.22898
-3.24515
-3.26126
-3.27731
-3.29329
-3.30922
-3.32509
-3.3409
-3.35665
-3.37234
-3.38797
-3.40355
-3.41906
-3.43452
-3.44992
-3.46526
-3.48055
-3.49577
-3.51094
-3.52606
-3.54111
-3.55612
-3.57106
-3.58595
-3.60078
-3.61556
-3.63028
-3.64494
-3.65956
-3.67411
-3.68861
-3.70306
-3.71745
-3.73179
-3.74608
-3.76031
-3.77449
-3.78861
-3.80269
-3.8167
-3.83067
-3.84459
-3.85845
-3.87226
-3.88602
-3.89972
-3.91338
-3.92698
-3.94053
-3.95403
-3.96748
-3.98088
-3.99423
-4.00753
-4.02078
-4.03398
-4.04713
-4.06023
-4.07328
-4.08628
-4.09923
-4.11214
-4.12499
-4.1378
-4.15056
-4.16327
-4.17593
-4.18854
-4.20111
-4.21363
-4.2261
-4.23852
-4.2509
-4.26323
-4.27551
-4.28775
-4.29994
-4.31209
-4.32419
-4.33624
-4.34825
-4.36021
-4.37212
-4.38399
-4.39582
-4.4076
-4.41934
-4.43103
-4.44268
-4.45428
-4.46584
-4.47735
-4.48882
-4.50025
-4.51163
-4.52297
-4.53426
-4.54552
-4.55673
-4.56789
-4.57902
-4.5901
-4.60114
-4.61214
-4.62309
-4.634
-4.64487
-4.6557
-4.66649
-4.67723
-4.68794
-4.6986
-4.70922
-4.7198
-4.73034
-4.74084
-4.7513
-4.76172
-4.7721
-4.78244
-4.79273
-4.80299
-4.81321
-4.82339
-4.83353
-4.84363
-4.85369
-4.86371
-4.87369
-4.88363
-4.89353
-4.9034
-4.91322
-4.92301
-4.93276
-4.94247
-4.95215
-4.96178
-4.97138
-4.98094
-4.99046
-4.99994
-5.00939
-5.0188
-5.02817
-5.03751
-5.0468
-5.05606
-5.06529
-5.07448
-5.08363
-5.09274
-5.10182
-5.11086
-5.11987
-5.12884
-5.13777
-5.14667
-5.15553
-5.16436
-5.17315
-5.1819
-5.19062
-5.19931
-5.20796
-5.21657
-5.22515
-5.2337
-5.24221
-5.25068
-5.25912
-5.26753
-5.2759
-5.28424
-5.29255
-5.30081
-5.30905
-5.31725
-5.32542
-5.33355
-5.34166
-5.34972
-5.35776
-5.36576
-5.37372
-5.38166
-5.38956
-5.39743
-5.40526
-5.41306
-5.42083
-5.42857
-5.43627
-5.44394
-5.45158
-5.45919
-5.46676
-5.47431
-5.48182
-5.4893
-5.49674
-5.50416
-5.51154
-5.51889
-5.52621
-5.5335
-5.54075
-5.54798
-5.55517
-5.56233
-5.56947
-5.57657
-5.58364
-5.59067
-5.59768
-5.60466
-5.6116
-5.61852
-5.6254
-5.63226
-5.63908
-5.64588
-5.65264
-5.65937
-5.66607
-5.67275
-5.67939
-5.686
-5.69259
-5.69914
-5.70566
-5.71216
-5.71862
-5.72505
-5.73146
-5.73783
-5.74418
-5.7505
-5.75679
-5.76304
-5.76927
-5.77547
-5.78164
-5.78779
-5.7939
-5.79999
-5.80604
-5.81207
-5.81807
-5.82404
-5.82998
-5.83589
-5.84178
-5.84763
-5.85346
-5.85926
-5.86503
-5.87078
-5.87649
-5.88218
-5.88784
-5.89347
-5.89908
-5.90465
-5.9102
-5.91572
-5.92121
-5.92668
-5.93212
-5.93753
-5.94291
-5.94827
-5.9536
-5.9589
-5.96417
-5.96942
-5.97464
-5.97983
-5.985
-5.99013
-5.99525
-6.00033
-6.00539
-6.01042
-6.01542
-6.0204
-6.02535
-6.03028
-6.03518
-6.04005
-6.04489
-6.04971
-6.0545
-6.05927
-6.06401
-6.06872
-6.07341
-6.07807
-6.0827
-6.08731
-6.09189
-6.09645
-6.10098
-6.10548
-6.10996
-6.11442
-6.11884
-6.12324
-6.12762
-6.13197
-6.13629
-6.14059
-6.14486
-6.14911
-6.15333
-6.15753
-6.1617
-6.16585
-6.16997
-6.17406
-6.17813
-6.18217
-6.18619
-6.19019
-6.19416
-6.1981
-6.20202
-6.20591
-6.20978
-6.21362
-6.21744
-6.22124
-6.225
-6.22875
-6.23247
-6.23616
-6.23983
-6.24347
-6.24709
-6.25069
-6.25426
-6.25781
-6.26133
-6.26482
-6.2683
-6.27174
-6.27517
-6.27857
-6.28194
-6.28529
-6.28862
-6.29192
-6.2952
-6.29845
-6.30168
-6.30488
-6.30806
-6.31122
-6.31435
-6.31746
-6.32054
-6.3236
-6.32664
-6.32965
-6.33264
-6.3356
-6.33854
-6.34145
-6.34435
-6.34721
-6.35006
-6.35288
-6.35568
-6.35845
-6.3612
-6.36392
-6.36662
-6.3693
-6.37196
-6.37459
-6.37719
-6.37978
-6.38234
-6.38487
-6.38738
-6.38987
-6.39234
-6.39478
-6.3972
-6.39959
-6.40196
-6.40431
-6.40664
-6.40894
-6.41122
-6.41347
-6.4157
-6.41791
-6.42009
-6.42226
-6.42439
-6.42651
-6.4286
-6.43067
-6.43271
-6.43474
-6.43674
-6.43871
-6.44066
-6.44259
-6.4445
-6.44638
-6.44824
-6.45008
-6.45189
-6.45369
-6.45545
-6.4572
-6.45892
-6.46062
-6.4623
-6.46395
-6.46558
-6.46719
-6.46877
-6.47033
-6.47187
-6.47339
-6.47488
-6.47635
-6.4778
-6.47922
-6.48062
-6.482
-6.48336
-6.48469
-6.486
-6.48729
-6.48855
-6.48979
-6.49101
-6.49221
-6.49338
-6.49453
-6.49566
-6.49677
-6.49785
-6.49891
-6.49995
-6.50096
-6.50196
-6.50293
-6.50387
-6.5048
-6.5057
-6.50658
-6.50743
-6.50827
-6.50908
-6.50987
-6.51063
-6.51138
-6.5121
-6.5128
-6.51347
-6.51412
-6.51475
-6.51536
-6.51595
-6.51651
-6.51705
-6.51757
-6.51806
-6.51854
-6.51899
-6.51941
-6.51982
-6.5202
-6.52056
-6.5209
-6.52121
-6.52151
-6.52178
-6.52202
-6.52225
-6.52245
-6.52263
-6.52279
-6.52292
-6.52304
-6.52313
-6.52319
-6.52324
-6.52326
-6.52326
-6.52324
-6.52319
-6.52313
-6.52304
-6.52292
-6.52279
-6.52263
-6.52245
-6.52225
-6.52202
-6.52178
-6.52151
-6.52121
-6.5209
-6.52056
-6.5202
-6.51982
-6.51941
-6.51899
-6.51854
-6.51806
-6.51757
-6.51705
-6.51651
-6.51595
-6.51536
-6.51475
-6.51412
-6.51347
-6.5128
-6.5121
-6.51138
-6.51063
-6.50987
-6.50908
-6.50827
-6.50743
-6.50658
-6.5057
-6.5048
-6.50387
-6.50293
-6.50196
-6.50096
-6.49995
-6.49891
-6.49785
-6.49677
-6.49566
-6.49453
-6.49338
-6.49221
-6.49101
-6.48979
-6.48855
-6.48729
-6.486
-6.48469
-6.48336
-6.482
-6.48062
-6.47922
-6.4778
-6.47635
-6.47488
-6.47339
-6.47187
-6.47033
-6.46877
-6.46719
-6.46558
-6.46395
-6.4623
-6.46062
-6.45892
-6.4572
-6.45545
-6.45369
-6.45189
-6.45008
-6.44824
-6.44638
-6.4445
-6.44259
-6.44066
-6.43871
-6.43674
-6.43474
-6.43271
-6.43067
-6.4286
-6.42651
-6.42439
-6.42226
-6.42009
-6.41791
-6.4157
-6.41347
-6.41122
-6.40894
-6.40664
-6.40431
-6.40196
-6.39959
-6.3972
-6.39478
-6.39234
-6.38987
-6.38738
-6.38487
-6.38234
-6.37978
-6.37719
-6.37459
-6.37196
-6.3693
-6.36662
-6.36392
-6.3612
-6.35845
-6.35568
-6.35288
-6.35006
-6.34721
-6.34435
-6.34145
-6.33854
-6.3356
-6.33264
-6.32965
-6.32664
-6.3236
-6.32054
-6.31746
-6.31435
-6.31122
-6.30806
-6.30488
-6.30168
-6.29845
-6.2952
-6.29192
-6.28862
-6.28529
-6.28194
-6.27857
-6.27517
-6.27174
-6.2683
-6.26482
-6.26133
-6.25781
-6.25426
-6.25069
-6.24709
-6.24347
-6.23983
-6.23616
-6.23247
-6.22875
-6.225
-6.22124
-6.21744
-6.21362
-6.20978
-6.20591
-6.20202
-6.1981
-6.19416
-6.19019
-6.18619
-6.18217
-6.17813
-6.17406
-6.16997
-6.16585
-6.1617
-6.15753
-6.15333
-6.14911
-6.14486
-6.14059
-6.13629
-6.13197
-6.12762
-6.12324
-6.11884
-6.11442
-6.10996
-6.10548
-6.10098
-6.09645
-6.09189
-6.08731
-6.0827
-6.07807
-6.07341
-6.06872
-6.06401
-6.05927
-6.0545
-6.04971
-6.04489
-6.04005
-6.03518
-6.03028
-6.02535
-6.0204
-6.01542
-6.01042
-6.00539
-6.00033
-5.99525
-5.99013
-5.985
-5.97983
-5.97464
-5.96942
-5.96417
-5.9589
-5.9536
-5.94827
-5.94291
-5.93753
-5.93212
-5.92668
-5.92121
-5.91572
-5.9102
-5.90465
-5.89908
-5.89347
-5.88784
-5.88218
-5.87649
-5.87078
-5.86503
-5.85926
-5.85346
-5.84763
-5.84178
-5.83589
-5.82998
-5.82404
-5.81807
-5.81207
-5.80604
-5.79999
-5.7939
-5.78779
-5.78164
-5.77547
-5.76927
-5.76304
-5.75679
-5.7505
-5.74418
-5.73783
-5.73146
-5.72505
-5.71862
-5.71216
-5.70566
-5.69914
-5.69259
-5.686
-5.67939
-5.67275
-5.66607
-5.65937
-5.65264
-5.64588
-5.63908
-5.63226
-5.6254
-5.61852
-5.6116
-5.60466
-5.59768
-5.59067
-5.58364
-5.57657
-5.56947
-5.56233
-5.55517
-5.54798
-5.54075
-5.5335
-5.52621
-5.51889
-5.51154
-5.50416
-5.49674
-5.4893
-5.48182
-5.47431
-5.46676
-5.45919
-5.45158
-5.44394
-5.43627
-5.42857
-5.42083
-5.41306
-5.40526
-5.39743
-5.38956
-5.38166
-5.37372
-5.36576
-5.35776
-5.34972
-5.34166
-5.33355
-5.32542
-5.31725
-5.30905
-5.30081
-5.29255
-5.28424
-5.2759
-5.26753
-5.25912
-5.25068
-5.24221
-5.2337
-5.22515
-5.21657
-5.20796
-5.19931
-5.19062
-5.1819
-5.17315
-5.16436
-5.15553
-5.14667
-5.13777
-5.12884
-5.11987
-5.11086
-5.10182
-5.09274
-5.08363
-5.07448
-5.06529
-5.05606
-5.0468
-5.03751
-5.02817
-5.0188
-5.00939
-4.99994
-4.99046
-4.98094
-4.97138
-4.96178
-4.95215
-4.94247
-4.93276
-4.92301
-4.91322
-4.9034
-4.89353
-4.88363
-4.87369
-4.86371
-4.85369
-4.84363
-4.83353
-4.82339
-4.81321
-4.80299
-4.79273
-4.78244
-4.7721
-4.76172
-4.7513
-4.74084
-4.73034
-4.7198
-4.70922
-4.6986
-4.68794
-4.67723
-4.66649
-4.6557
-4.64487
-4.634
-4.62309
-4.61214
-4.60114
-4.5901
-4.57902
-4.56789
-4.55673
-4.54552
-4.53426
-4.52297
-4.51163
-4.50025
-4.48882
-4.47735
-4.46584
-4.45428
-4.44268
-4.43103
-4.41934
-4.4076
-4.39582
-4.38399
-4.37212
-4.36021
-4.34825
-4.33624
-4.32419
-4.31209
-4.29994
-4.28775
-4.27551
-4.26323
-4.2509
-4.23852
-4.2261
-4.21363
-4.20111
-4.18854
-4.17593
-4.16327
-4.15056
-4.1378
-4.12499
-4.11214
-4.09923
-4.08628
-4.07328
-4.06023
-4.04713
-4.03398
-4.02078
-4.00753
-3.99423
-3.98088
-3.96748
-3.95403
-3.94053
-3.92698
-3.91338
-3.89972
-3.88602
-3.87226
-3.85845
-3.84459
-3.83067
-3.8167
-3.80269
-3.78861
-3.77449
-3.76031
-3.74608
-3.73179
-3.71745
-3.70306
-3.68861
-3.67411
-3.65956
-3.64494
-3.63028
-3.61556
-3.60078
-3.58595
-3.57106
-3.55612
-3.54111
-3.52606
-3.51094
-3.49577
-3.48055
-3.46526
-3.44992
-3.43452
-3.41906
-3.40355
-3.38797
-3.37234
-3.35665
-3.3409
-3.32509
-3.30922
-3.29329
-3.27731
-3.26126
-3.24515
-3.22898
-3.21275
-3.19646
-3.18011
-3.16369
-3.14722
-3.13068
-3.11408
-3.09742
-3.0807
-3.06391
-3.04706
-3.03014
-3.01317
-2.99613
-2.97902
-2.96185
-2.94462
-2.92732
-2.90996
-2.89253
-2.87504
-2.85748
-2.83985
-2.82216
-2.8044
-2.78658
-2.76869
-2.75073
-2.7327
-2.71461
-2.69644
-2.67821
-2.65992
-2.64155
-2.62311
-2.60461
-2.58603
-2.56739
-2.54867
-2.52989
-2.51103
-2.4921
-2.4731
-2.45404
-2.43489
-2.41568
-2.3964
-2.37704
-2.35761
-2.33811
-2.31853
-2.29888
-2.27916
-2.25936
-2.23949
-2.21954
-2.19952
-2.17942
-2.15925
-2.139
-2.11867
-2.09827
-2.0778
-2.05724
-2.03661
-2.0159
-1.99511
-1.97425
-1.95331
-1.93228
-1.91118
-1.89
-1.86874
-1.8474
-1.82598
-1.80448
-1.7829
-1.76124
-1.73949
-1.71767
-1.69576
-1.67377
-1.6517
-1.62954
-1.60731
-1.58498
-1.56258
-1.54009
-1.51751
-1.49485
-1.47211
-1.44928
-1.42637
-1.40336
-1.38028
-1.3571
-1.33384
-1.31049
-1.28705
-1.26353
-1.23992
-1.21622
-1.19243
-1.16855
-1.14458
-1.12052
-1.09637
-1.07213
-1.0478
-1.02337
-0.99886
-0.974254
-0.949556
-0.924765
-0.899881
-0.874904
-0.849834
-0.824669
-0.79941
-0.774056
-0.748607
-0.723063
-0.697423
-0.671687
-0.645855
-0.619926
-0.5939
-0.567776
-0.541554
-0.515235
-0.488817
-0.4623
-0.435683
-0.408967
-0.382151
-0.355235
-0.328218
-0.301101
-0.273881
-0.24656
-0.219137
-0.191612
-0.163983
-0.136251
-0.108416
-0.0804771
-0.0524336
-0.0242854
0.00396785
0.0323265
0.0607909
0.0893615
0.118039
0.146823
0.175714
0.204713
0.23382
0.263036
0.29236
0.321793
0.351336
0.380989
0.410752
0.440626
0.470611
0.500707
0.530915
0.561235
0.591668
0.622214
0.652873
0.683646
0.714533
0.745534
0.776651
0.807882
0.83923
0.870693
0.902273
0.933969
0.965783
0.997714
1.02976
1.06193
1.09422
1.12662
1.15915
1.19179
1.22456
1.25744
1.29045
1.32358
1.35682
1.3902
1.42369
1.45731
1.49105
1.52491
1.5589
1.59301
1.62725
1.66161
1.6961
1.73071
1.76545
1.80032
1.83531
1.87044
1.90568
1.94106
1.97657
2.0122
2.04796
2.08386
2.11988
2.15603
2.19232
2.22873
2.26528
2.30195
2.33876
2.37571
2.41278
2.44999
2.48733
2.5248
2.56241
2.60015
2.63803
2.67604
2.71418
2.75247
2.79088
2.82944
2.86813
2.90695
2.94592
2.98502
3.02425
3.06363
3.10314
3.14279
3.18258
3.22251
3.26258
3.30278
3.34313
3.38361
3.42424
3.465
3.5059
3.54695
3.58813
3.62946
3.67092
3.71253
3.75428
3.79616
3.83819
3.88036
3.92268
3.96513
4.00772
4.05046
4.09334
4.13636
4.17952
4.22282
4.26627
4.30985
4.35358
4.39745
4.44146
4.48561
4.52991
4.57434
4.61892
4.66363
4.70849
4.75349
4.79863
4.84391
4.88933
4.93489
4.98059
5.02643
5.0724
5.11852
5.16478
5.21117
5.2577
5.30437
5.35117
5.39812
5.44519
5.49241
5.53976
5.58724
5.63486
5.68261
5.73049
5.77851
5.82666
5.87494
5.92335
5.97189
6.02056
6.06936
6.11828
6.16733
6.21651
6.26581
6.31524
6.36479
6.41446
6.46425
6.51417
6.5642
6.61435
6.66462
6.715
6.7655
6.81611
6.86683
6.91766
6.96861
7.01966
7.07082
7.12208
7.17345
7.22492
7.27649
7.32816
7.37993
7.4318
7.48375
7.53581
7.58795
7.64018
7.6925
7.74491
7.7974
7.84997
7.90262
7.95535
8.00815
8.06103
8.11398
8.167
8.22008
8.27323
8.32644
8.37971
8.43304
8.48643
8.53987
8.59335
8.64689
8.70047
8.75409
8.80775
8.86145
8.91518
8.96895
9.02274
9.07656
9.13039
9.18425
9.23813
9.29201
9.34591
9.39982
9.45372
9.50763
9.56154
9.61543
9.66932
9.7232
9.77705
9.83089
9.8847
9.93849
9.99224
10.046
10.0996
10.1533
10.2069
10.2604
10.3139
10.3673
10.4207
10.474
10.5272
10.5803
10.6334
10.6864
10.7393
10.7921
10.8448
10.8974
10.9499
11.0023
11.0546
11.1068
11.1588
11.2107
11.2625
11.3141
11.3656
11.417
11.4682
11.5192
11.5701
11.6208
11.6714
11.7218
11.772
11.822
11.8718
11.9214
11.9708
12.02
12.069
12.1178
12.1664
12.2147
12.2629
12.3107
12.3584
12.4058
12.4529
12.4998
12.5464
12.5927
12.6388
12.6846
12.7301
12.7754
12.8203
12.8649
12.9093
12.9533
12.997
13.0404
13.0835
13.1262
13.1686
13.2107
13.2524
13.2938
13.3348
13.3754
13.4157
13.4556
13.4952
13.5343
13.5731
13.6115
13.6495
13.6871
13.7243
13.761
13.7974
13.8333
13.8688
13.9039
13.9386
13.9728
14.0065
14.0398
14.0727
14.1051
14.137
14.1685
14.1995
14.2301
14.2601
14.2897
14.3188
14.3474
14.3754
14.403
14.4301
14.4567
14.4828
14.5083
14.5334
14.5579
14.5819
14.6053
14.6283
14.6507
14.6725
14.6938
14.7146
14.7348
14.7545
14.7736
14.7921
14.8101
14.8275
14.8444
14.8607
14.8764
14.8916
14.9061
14.9201
14.9335
14.9464
14.9586
14.9703
14.9814
14.9918
15.0017
15.011
15.0198
15.0279
15.0354
15.0423
15.0486
15.0544
15.0595
15.064
15.0679
15.0713
15.074
15.0761
15.0776
15.0785
15.0788
