2048 1 1
3.13501e-10 2.21679e-10 3.13501e-10
9.94507
9.94212
9.93328
9.91856
9.89798
9.8716
9.83944
9.80157
9.75806
9.70898
9.65442
9.59447
9.52924
9.45884
9.38339
9.30302
9.21787
9.12808
9.03381
8.93521
8.83244
8.72568
8.6151
8.50087
8.38319
8.26222
8.13818
8.01124
7.88161
7.74948
7.61504
7.4785
7.34005
7.19989
7.05822
6.91523
6.77112
6.62608
6.48031
6.33398
6.18729
6.0404
5.89351
5.74678
5.60038
5.45447
5.30922
5.16476
5.02126
4.87885
4.73767
4.59784
4.4595
4.32275
4.18771
4.05448
3.92317
3.79385
3.66663
3.54156
3.41874
3.29821
3.18005
3.06431
2.95102
2.84024
2.73199
2.62632
2.52323
2.42275
2.32489
2.22967
2.13707
2.04711
1.95977
1.87504
1.79291
1.71337
1.63638
1.56192
1.48997
1.42049
1.35344
1.2888
1.22652
1.16655
1.10886
1.05339
1.00011
0.948956
0.899887
0.852849
0.80779
0.764658
0.7234
0.683962
0.646291
0.610332
0.576032
0.543338
0.512195
0.482551
0.454352
0.427548
0.402087
0.377918
0.354991
0.333257
0.312668
0.293177
0.274738
0.257306
0.240837
0.225289
0.210619
0.196788
0.183756
0.171486
0.15994
0.149082
0.13888
0.129299
0.120307
0.111875
0.103971
0.096569
0.0896406
0.0831599
0.077102
0.071443
0.0661601
0.0612315
0.0566364
0.0523551
0.0483688
0.0446594
0.0412101
0.0380046
0.0350277
0.0322648
0.0297022
0.027327
0.0251268
0.02309
0.0212057
0.0194637
0.0178541
0.016368
0.0149967
0.0137321
0.0125666
0.0114933
0.0105054
0.00959675
0.00876148
0.00799416
0.00728972
0.00664341
0.00605081
0.0055078
0.00501055
0.00455549
0.0041393
0.00375891
0.00341145
0.00309427
0.00280491
0.00254111
0.00230075
0.00208189
0.00188273
0.00170162
0.00153701
0.00138751
0.0012518
0.0011287
0.0010171
0.000915992
0.000824444
0.000741607
0.000666697
0.000598998
0.000537854
0.000482665
0.000432883
0.000388004
0.000347573
0.000311169
0.000278413
0.000248958
0.000222487
0.000198712
0.000177373
0.000158232
0.000141072
0.000125699
0.000111934
9.96181e-05
8.86044e-05
7.87617e-05
6.99708e-05
6.21243e-05
5.51249e-05
4.88851e-05
4.3326e-05
3.83762e-05
3.39718e-05
3.0055e-05
2.6574e-05
2.34823e-05
2.0738e-05
1.83035e-05
1.61453e-05
1.42331e-05
1.25399e-05
1.10416e-05
9.71654e-06
8.54544e-06
7.51104e-06
6.59794e-06
5.79242e-06
5.08223e-06
4.45648e-06
3.90547e-06
3.42058e-06
2.99413e-06
2.61931e-06
2.29008e-06
2.00107e-06
1.74753e-06
1.52526e-06
1.33051e-06
1.15999e-06
1.0108e-06
8.80351e-07
7.66376e-07
6.66869e-07
5.80067e-07
5.04415e-07
4.38547e-07
3.81263e-07
3.31509e-07
2.88363e-07
2.51019e-07
2.18772e-07
1.91011e-07
1.67204e-07
1.46892e-07
1.29682e-07
1.15237e-07
1.03273e-07
9.35543e-08
8.58882e-08
8.0122e-08
7.61405e-08
7.38639e-08
7.32466e-08
7.42763e-08
7.69735e-08
8.13924e-08
8.76213e-08
9.57847e-08
1.06045e-07
1.18605e-07
1.33713e-07
1.51665e-07
1.72811e-07
1.97561e-07
2.26391e-07
2.59851e-07
2.98576e-07
3.43294e-07
3.94839e-07
4.54165e-07
5.22361e-07
6.00665e-07
6.9049e-07
7.93439e-07
9.11335e-07
1.04625e-06
1.20052e-06
1.3768e-06
1.57811e-06
1.80783e-06
2.06982e-06
2.36842e-06
2.70852e-06
3.09565e-06
3.53604e-06
4.03671e-06
4.60555e-06
5.25146e-06
5.98441e-06
6.81562e-06
7.7577e-06
8.82476e-06
1.00326e-05
1.13991e-05
1.2944e-05
1.46896e-05
1.66606e-05
1.8885e-05
2.13936e-05
2.42211e-05
2.74061e-05
3.09914e-05
3.5025e-05
3.95601e-05
4.4656e-05
5.03783e-05
5.68003e-05
6.40029e-05
7.2076e-05
8.11193e-05
9.12432e-05
0.00010257
0.000115234
0.000129385
0.000145187
0.000162823
0.000182493
0.000204418
0.000228841
0.00025603
0.00028628
0.000319914
0.000357287
0.00039879
0.00044485
0.000495935
0.000552559
0.000615283
0.000684721
0.000761543
0.000846483
0.000940338
0.00104398
0.00115836
0.0012845
0.00142354
0.0015767
0.00174529
0.00193077
0.00213469
0.00235875
0.00260478
0.00287477
0.00317086
0.00349537
0.00385081
0.00423988
0.00466549
0.00513078
0.00563912
0.00619415
0.00679978
0.0074602
0.0081799
0.00896372
0.00981682
0.0107447
0.0117534
0.0128491
0.0140386
0.0153292
0.0167284
0.0182446
0.0198864
0.0216631
0.0235845
0.025661
0.0279039
0.0303248
0.0329362
0.0357513
0.038784
0.0420489
0.0455617
0.0493387
0.0533971
0.057755
0.0624315
0.0674467
0.0728216
0.0785782
0.0847395
0.0913297
0.0983741
0.105899
0.113932
0.122501
0.131637
0.141371
0.151734
0.16276
0.174484
0.186942
0.20017
0.214207
0.229092
0.244867
0.261572
0.279252
0.297949
0.31771
0.338581
0.360609
0.383842
0.408329
0.434122
0.461269
0.489824
0.519838
0.551364
0.584455
0.619164
0.655546
0.693654
0.733542
0.775263
0.818872
0.864421
0.911962
0.961547
1.01323
1.06705
1.12307
1.18133
1.24187
1.30474
1.36998
1.43763
1.50772
1.5803
1.65539
1.73301
1.8132
1.89598
1.98136
2.06935
2.15997
2.25323
2.34911
2.44763
2.54876
2.65249
2.75882
2.8677
2.97911
3.09301
3.20937
3.32812
3.44923
3.57262
3.69823
3.82599
3.95581
4.08761
4.2213
4.35678
4.49394
4.63266
4.77284
4.91434
5.05704
5.20079
5.34546
5.4909
5.63694
5.78344
5.93023
6.07713
6.22398
6.3706
6.51681
6.66242
6.80724
6.95109
7.09377
7.23508
7.37483
7.51282
7.64886
7.78274
7.91426
8.04324
8.16947
8.29276
8.41292
8.52976
8.64309
8.75274
8.85852
8.96026
9.05779
9.15096
9.2396
9.32356
9.40272
9.47691
9.54603
9.60996
9.66857
9.72177
9.76946
9.81157
9.84802
9.87874
9.90367
9.92279
9.93604
9.94341
9.94488
9.94046
9.93015
9.91396
9.89193
9.8641
9.83051
9.79122
9.74631
9.69585
9.63993
9.57865
9.51212
9.44044
9.36375
9.28217
9.19585
9.10493
9.00956
8.9099
8.80612
8.69839
8.58688
8.47177
8.35324
8.2315
8.10671
7.97908
7.84881
7.71608
7.5811
7.44406
7.30516
7.16461
7.02259
6.8793
6.73494
6.5897
6.44377
6.29733
6.15058
6.00367
5.85681
5.71014
5.56385
5.41809
5.27302
5.12879
4.98555
4.84343
4.70258
4.56311
4.42516
4.28883
4.15423
4.02147
3.89065
3.76185
3.63515
3.51064
3.38839
3.26845
3.15089
3.03575
2.92309
2.81294
2.70533
2.6003
2.49786
2.39804
2.30084
2.20627
2.11433
2.02503
1.93834
1.85427
1.77279
1.69388
1.61753
1.5437
1.47237
1.4035
1.33706
1.27301
1.21131
1.15191
1.09478
1.03987
0.987122
0.936496
0.887939
0.8414
0.796828
0.75417
0.713372
0.674381
0.637142
0.601604
0.56771
0.535408
0.504645
0.475368
0.447523
0.421059
0.395926
0.372072
0.349447
0.328004
0.307694
0.28847
0.270287
0.2531
0.236866
0.221541
0.207085
0.193457
0.180619
0.168533
0.157162
0.146472
0.136428
0.126997
0.118148
0.10985
0.102075
0.0947936
0.0879795
0.0816068
0.0756508
0.0700879
0.0648955
0.0600522
0.0555374
0.0513316
0.0474161
0.0437734
0.0403865
0.0372395
0.0343175
0.0316059
0.0290914
0.026761
0.0246027
0.022605
0.0207573
0.0190492
0.0174714
0.0160147
0.0146708
0.0134317
0.0122899
0.0112386
0.0102711
0.00938127
0.00856348
0.00781235
0.00712287
0.00649039
0.00591056
0.00537934
0.00489297
0.00444793
0.00404096
0.00366906
0.00332941
0.00301941
0.00273665
0.0024789
0.00224409
0.00203032
0.00183582
0.00165898
0.00149827
0.00135234
0.00121989
0.00109976
0.000990878
0.000892243
0.00080295
0.000722165
0.000649122
0.000583122
0.000523521
0.000469733
0.000421222
0.000377497
0.00033811
0.000302652
0.000270753
0.000242072
0.000216301
0.000193159
0.000172391
0.000153764
0.000137068
0.000122113
0.000108725
9.6748e-05
8.60388e-05
7.64698e-05
6.79246e-05
6.02986e-05
5.3497e-05
4.74344e-05
4.2034e-05
3.72263e-05
3.2949e-05
2.91458e-05
2.57663e-05
2.27652e-05
2.01017e-05
1.77393e-05
1.56452e-05
1.37902e-05
1.21479e-05
1.06948e-05
9.40998e-06
8.27459e-06
7.27188e-06
6.38689e-06
5.60627e-06
4.91814e-06
4.31192e-06
3.77818e-06
3.30854e-06
2.89557e-06
2.53263e-06
2.21388e-06
1.93409e-06
1.68867e-06
1.47351e-06
1.285e-06
1.11994e-06
9.7551e-07
8.49199e-07
7.38805e-07
6.42381e-07
5.5821e-07
4.8478e-07
4.2076e-07
3.64978e-07
3.16404e-07
2.74131e-07
2.37365e-07
2.05409e-07
1.77649e-07
1.5355e-07
1.32641e-07
1.14511e-07
9.88012e-08
8.51958e-08
7.34203e-08
6.32349e-08
5.44302e-08
4.68236e-08
4.02562e-08
3.45894e-08
2.97026e-08
2.54912e-08
2.18638e-08
1.87416e-08
1.60556e-08
1.37465e-08
1.17625e-08
1.00588e-08
8.59684e-09
7.34298e-09
6.26828e-09
5.34769e-09
4.5596e-09
3.88535e-09
3.30884e-09
2.8162e-09
2.39549e-09
2.03642e-09
1.73014e-09
1.46905e-09
1.24663e-09
1.05725e-09
8.96117e-10
7.59086e-10
6.42627e-10
5.43718e-10
4.59754e-10
3.88525e-10
3.28141e-10
2.76976e-10
2.33646e-10
1.96986e-10
1.65973e-10
1.39763e-10
1.17621e-10
9.89272e-11
8.31549e-11
6.98587e-11
5.8651e-11
4.92129e-11
4.12705e-11
3.45878e-11
2.89699e-11
2.42533e-11
2.02889e-11
1.69625e-11
1.41759e-11
1.18374e-11
9.88121e-12
8.23919e-12
6.8715e-12
5.72387e-12
4.76563e-12
3.96527e-12
3.29936e-12
2.73981e-12
2.27862e-12
1.88882e-12
1.5703e-12
1.30007e-12
1.07914e-12
8.92175e-13
7.41407e-13
6.1029e-13
5.07372e-13
4.17333e-13
3.46279e-13
2.84772e-13
2.37144e-13
1.92624e-13
1.60094e-13
1.3034e-13
1.10356e-13
9.00391e-14
7.4829e-14
5.82867e-14
4.91829e-14
4.00791e-14
3.475e-14
2.68674e-14
2.40918e-14
1.92069e-14
1.56541e-14
1.17684e-14
1.21014e-14
8.65974e-15
8.32667e-15
6.32827e-15
6.10623e-15
3.77476e-15
2.9976e-15
2.55351e-15
1.9984e-15
3.66374e-15
1.88738e-15
0
1.22125e-15
1.77636e-15
-2.22045e-16
1.11022e-16
2.33147e-15
-2.22045e-16
6.66134e-16
7.77156e-16
-1.77636e-15
-2.88658e-15
3.9968e-15
-6.66134e-16
-6.66134e-16
2.55351e-15
-1.9984e-15
-1.55431e-15
3.55271e-15
-1.9984e-15
-3.10862e-15
2.44249e-15
-1.77636e-15
-4.44089e-15
4.66294e-15
-1.77636e-15
-2.44249e-15
9.99201e-16
3.33067e-16
-5.10703e-15
2.88658e-15
-3.77476e-15
-3.10862e-15
2.10942e-15
8.88178e-16
-5.9952e-15
1.44329e-15
-3.9968e-15
-2.88658e-15
1.11022e-16
6.66134e-16
-5.32907e-15
2.10942e-15
2.22045e-16
-2.88658e-15
2.22045e-16
8.88178e-16
-4.66294e-15
2.88658e-15
-3.33067e-15
-2.44249e-15
-1.9984e-15
1.44329e-15
-4.66294e-15
1.22125e-15
-2.22045e-16
-1.77636e-15
-6.66134e-16
2.22045e-15
-2.22045e-15
-2.22045e-16
1.11022e-15
-1.77636e-15
1.11022e-16
1.44329e-15
-6.66134e-16
-1.55431e-15
2.55351e-15
-3.10862e-15
-8.88178e-16
2.33147e-15
-2.22045e-16
1.11022e-15
2.44249e-15
-1.33227e-15
3.10862e-15
4.44089e-16
-8.88178e-16
7.77156e-16
2.22045e-16
-1.77636e-15
1.9984e-15
1.11022e-15
4.10783e-15
3.10862e-15
3.33067e-16
-4.44089e-16
1.44329e-15
-1.9984e-15
-1.11022e-15
3.88578e-15
-6.66134e-16
-6.66134e-16
1.77636e-15
-2.44249e-15
4.996e-15
5.32907e-15
-8.88178e-16
1.11022e-15
6.43929e-15
2.10942e-15
3.66374e-15
5.9952e-15
-4.44089e-16
1.22125e-15
3.44169e-15
3.55271e-15
5.66214e-15
7.66054e-15
-8.88178e-16
2.22045e-15
7.21645e-15
2.33147e-15
3.9968e-15
7.32747e-15
4.77396e-15
5.21805e-15
7.77156e-15
2.10942e-15
3.9968e-15
6.99441e-15
-8.88178e-16
4.32987e-15
2.88658e-15
3.33067e-15
4.10783e-15
7.32747e-15
3.66374e-15
3.77476e-15
5.88418e-15
3.21965e-15
-2.22045e-16
1.77636e-15
3.21965e-15
3.88578e-15
3.77476e-15
2.44249e-15
2.44249e-15
2.77556e-15
5.66214e-15
-6.66134e-16
4.55191e-15
2.55351e-15
-6.66134e-16
1.9984e-15
4.10783e-15
-1.9984e-15
4.44089e-15
3.44169e-15
0
1.77636e-15
3.55271e-15
-2.22045e-15
4.77396e-15
3.10862e-15
1.11022e-16
-1.9984e-15
1.9984e-15
-1.33227e-15
5.10703e-15
3.33067e-15
4.44089e-16
-2.66454e-15
9.99201e-16
-4.44089e-16
3.9968e-15
2.66454e-15
-2.22045e-16
-4.88498e-15
-6.66134e-16
-4.44089e-16
3.10862e-15
-4.44089e-16
-2.22045e-15
-4.88498e-15
-1.33227e-15
-8.88178e-16
2.66454e-15
-2.22045e-15
-3.9968e-15
-4.66294e-15
0
-6.66134e-16
2.55351e-15
-3.10862e-15
-3.77476e-15
-3.77476e-15
-2.88658e-15
-1.33227e-15
-6.66134e-15
-4.21885e-15
-3.77476e-15
-4.66294e-15
-3.33067e-15
-5.10703e-15
-7.77156e-15
-3.55271e-15
-3.77476e-15
-3.9968e-15
-3.55271e-15
-3.55271e-15
-7.99361e-15
-4.66294e-15
-4.66294e-15
-4.21885e-15
-8.88178e-16
-4.21885e-15
-8.43769e-15
-4.88498e-15
-5.10703e-15
-4.66294e-15
-1.33227e-15
-5.9952e-15
-4.44089e-15
-4.88498e-15
-4.88498e-15
-3.77476e-15
-3.10862e-15
-2.88658e-15
-4.21885e-15
-4.66294e-15
-2.66454e-15
-3.9968e-15
-2.66454e-15
-3.55271e-15
-3.55271e-15
-3.33067e-15
-1.55431e-15
-4.21885e-15
-2.22045e-16
-2.66454e-15
-2.44249e-15
-3.9968e-15
-2.22045e-16
-2.22045e-15
-6.66134e-16
-2.44249e-15
-2.88658e-15
-2.88658e-15
2.22045e-16
-1.55431e-15
3.33067e-15
1.33227e-15
-1.77636e-15
2.22045e-15
2.44249e-15
-4.44089e-16
5.44009e-15
2.22045e-15
6.66134e-16
3.33067e-16
4.66294e-15
4.21885e-15
4.66294e-15
5.44009e-15
1.55431e-15
6.43929e-15
7.21645e-15
4.55191e-15
8.65974e-15
3.33067e-15
8.43769e-15
1.02141e-14
9.76996e-15
7.43849e-15
8.21565e-15
8.10463e-15
6.88338e-15
7.54952e-15
7.43849e-15
8.77076e-15
1.05471e-14
6.88338e-15
1.13243e-14
1.45439e-14
8.65974e-15
1.16573e-14
8.32667e-15
6.21725e-15
1.11022e-14
9.65894e-15
1.06581e-14
1.24345e-14
9.10383e-15
1.42109e-14
1.4988e-14
1.15463e-14
1.04361e-14
1.36557e-14
9.32587e-15
8.77076e-15
1.4766e-14
9.65894e-15
9.99201e-15
1.39888e-14
1.09912e-14
1.55431e-14
1.57652e-14
1.09912e-14
9.54792e-15
1.37668e-14
1.09912e-14
1.37668e-14
1.53211e-14
7.66054e-15
9.54792e-15
1.26565e-14
9.76996e-15
1.18794e-14
1.02141e-14
6.99441e-15
7.32747e-15
9.88098e-15
8.10463e-15
1.16573e-14
7.43849e-15
6.55032e-15
9.10383e-15
6.21725e-15
5.88418e-15
7.10543e-15
4.55191e-15
2.55351e-15
7.32747e-15
1.88738e-15
3.9968e-15
6.10623e-15
8.88178e-16
0
2.66454e-15
2.22045e-16
2.66454e-15
3.33067e-15
-4.44089e-16
3.55271e-15
2.22045e-16
-2.66454e-15
-4.44089e-16
2.33147e-15
-2.22045e-16
-1.55431e-15
5.55112e-16
-4.66294e-15
-2.88658e-15
-4.44089e-16
-2.88658e-15
-1.55431e-15
-4.44089e-16
-6.66134e-15
-5.10703e-15
-3.10862e-15
-2.88658e-15
-5.32907e-15
-1.33227e-15
-8.21565e-15
-6.66134e-15
-6.66134e-15
-4.21885e-15
-7.10543e-15
-3.55271e-15
-8.88178e-15
-8.21565e-15
-3.33067e-15
-6.43929e-15
-1.31006e-14
-7.54952e-15
-1.04361e-14
-1.04361e-14
-7.10543e-15
-7.54952e-15
-1.02141e-14
-7.32747e-15
-1.35447e-14
-1.19904e-14
-6.43929e-15
-7.32747e-15
-1.33227e-14
-8.65974e-15
-1.08802e-14
-1.15463e-14
-1.06581e-14
-5.77316e-15
-1.17684e-14
-6.88338e-15
-1.19904e-14
-1.15463e-14
-7.32747e-15
-5.32907e-15
-5.32907e-15
-6.88338e-15
-1.11022e-14
-9.99201e-15
-6.88338e-15
-6.21725e-15
-9.54792e-15
-9.99201e-15
-4.88498e-15
-1.17684e-14
-8.65974e-15
-6.21725e-15
-6.43929e-15
-7.10543e-15
-1.06581e-14
-1.02141e-14
-9.10383e-15
-6.21725e-15
-7.10543e-15
-8.88178e-15
-7.32747e-15
-9.54792e-15
-7.77156e-15
-7.54952e-15
-6.88338e-15
-7.99361e-15
-8.88178e-15
-7.77156e-15
-7.99361e-15
-8.65974e-15
-7.99361e-15
-7.99361e-15
-7.32747e-15
-8.21565e-15
-8.21565e-15
-9.10383e-15
-9.76996e-15
-6.88338e-15
-9.10383e-15
-6.21725e-15
-6.43929e-15
-9.10383e-15
-8.43769e-15
-7.10543e-15
-1.15463e-14
-7.32747e-15
-6.66134e-15
-9.54792e-15
-7.54952e-15
-6.21725e-15
-8.65974e-15
-6.88338e-15
-5.9952e-15
-6.66134e-15
-9.10383e-15
-3.77476e-15
-1.13243e-14
-6.88338e-15
-4.21885e-15
-8.88178e-15
-6.88338e-15
-3.9968e-15
-3.10862e-15
-4.88498e-15
-2.66454e-15
-5.9952e-15
-5.77316e-15
0
-7.77156e-15
-8.43769e-15
-2.44249e-15
-5.77316e-15
-5.77316e-15
-6.66134e-16
-2.22045e-15
-1.9984e-15
-2.22045e-16
-4.44089e-15
-6.43929e-15
1.55431e-15
-6.66134e-15
-8.65974e-15
-1.11022e-15
-1.77636e-15
-5.10703e-15
-5.10703e-15
-2.22045e-16
-5.55112e-15
1.9984e-15
-1.9984e-15
-5.55112e-15
2.55351e-15
-4.44089e-15
-5.32907e-15
1.9984e-15
1.11022e-16
-3.10862e-15
-3.10862e-15
3.9968e-15
-3.55271e-15
1.88738e-15
2.66454e-15
-1.9984e-15
-1.11022e-15
-1.77636e-15
-3.77476e-15
2.77556e-15
4.44089e-16
-2.22045e-16
-2.22045e-16
4.10783e-15
-4.44089e-16
3.77476e-15
3.44169e-15
1.33227e-15
-2.22045e-16
5.21805e-15
5.66214e-15
5.88418e-15
3.10862e-15
3.33067e-15
1.55431e-15
4.44089e-15
2.88658e-15
5.32907e-15
3.66374e-15
3.55271e-15
1.66533e-15
6.10623e-15
7.21645e-15
7.21645e-15
3.66374e-15
5.21805e-15
6.99441e-15
4.77396e-15
3.44169e-15
7.66054e-15
3.9968e-15
6.10623e-15
3.77476e-15
2.9976e-15
5.66214e-15
6.66134e-15
4.88498e-15
5.10703e-15
7.10543e-15
4.44089e-15
6.43929e-15
9.99201e-15
7.99361e-15
6.99441e-15
7.32747e-15
2.77556e-15
5.21805e-15
7.77156e-15
2.77556e-15
5.55112e-15
8.65974e-15
3.66374e-15
6.43929e-15
9.32587e-15
8.21565e-15
3.9968e-15
8.21565e-15
1.88738e-15
1.88738e-15
7.10543e-15
8.32667e-15
4.77396e-15
6.88338e-15
1.11022e-15
6.77236e-15
8.43769e-15
7.21645e-15
3.33067e-16
6.32827e-15
9.99201e-16
6.66134e-16
6.66134e-15
6.77236e-15
1.22125e-15
2.66454e-15
-8.88178e-16
0
4.996e-15
5.21805e-15
5.55112e-16
4.32987e-15
-4.44089e-16
-1.11022e-15
6.32827e-15
3.44169e-15
-1.33227e-15
6.66134e-16
-2.22045e-15
-1.33227e-15
-4.21885e-15
3.66374e-15
-2.88658e-15
-2.22045e-16
-1.9984e-15
-3.9968e-15
4.55191e-15
1.22125e-15
-1.77636e-15
1.11022e-16
-8.88178e-16
-1.77636e-15
-6.21725e-15
1.11022e-15
-4.21885e-15
-2.22045e-15
-4.44089e-16
-3.77476e-15
1.33227e-15
-2.44249e-15
-2.22045e-15
-3.55271e-15
-2.88658e-15
-3.33067e-15
-7.32747e-15
1.11022e-16
-2.44249e-15
-3.33067e-15
-1.77636e-15
-3.33067e-15
7.77156e-16
-2.22045e-15
-3.33067e-15
-3.10862e-15
-2.22045e-15
-1.33227e-15
-5.55112e-15
-1.9984e-15
-4.21885e-15
-2.44249e-15
-2.44249e-15
-4.44089e-16
-2.66454e-15
-4.66294e-15
-4.44089e-15
-1.33227e-15
-1.33227e-15
1.11022e-15
1.55431e-15
-3.55271e-15
-2.88658e-15
3.33067e-16
-4.44089e-16
4.10783e-15
1.9984e-15
-2.22045e-15
-2.66454e-15
2.88658e-15
1.44329e-15
4.66294e-15
4.66294e-15
-3.77476e-15
-1.11022e-15
3.33067e-15
5.55112e-16
1.77636e-15
2.88658e-15
8.88178e-15
-1.33227e-15
4.88498e-15
3.66374e-15
6.66134e-15
5.88418e-15
-2.66454e-15
6.66134e-16
-6.66134e-16
1.33227e-15
4.10783e-15
4.10783e-15
1.17684e-14
-8.88178e-16
5.55112e-15
3.55271e-15
3.33067e-15
9.32587e-15
-4.21885e-15
5.32907e-15
4.44089e-15
7.43849e-15
6.55032e-15
4.77396e-15
1.28786e-14
3.55271e-15
1.77636e-15
5.10703e-15
5.10703e-15
5.88418e-15
-3.10862e-15
5.10703e-15
2.44249e-15
3.21965e-15
6.21725e-15
7.99361e-15
1.09912e-14
4.10783e-15
4.44089e-16
3.33067e-15
5.44009e-15
6.88338e-15
1.66533e-15
2.77556e-15
-1.9984e-15
2.55351e-15
5.32907e-15
5.44009e-15
6.77236e-15
-2.88658e-15
-1.77636e-15
-1.77636e-15
4.77396e-15
3.9968e-15
-4.44089e-16
1.33227e-15
-3.77476e-15
-3.55271e-15
-4.44089e-16
3.21965e-15
-3.10862e-15
2.10942e-15
-4.44089e-15
-5.32907e-15
3.66374e-15
2.66454e-15
-2.66454e-15
-8.88178e-16
-4.88498e-15
-8.65974e-15
-2.44249e-15
1.33227e-15
-5.9952e-15
-1.77636e-15
-1.9984e-15
-6.21725e-15
-4.44089e-16
-8.88178e-16
-5.32907e-15
-7.32747e-15
-5.10703e-15
-6.66134e-15
-5.32907e-15
1.55431e-15
-9.54792e-15
-6.66134e-16
-5.32907e-15
-9.10383e-15
-7.54952e-15
-1.11022e-15
-3.55271e-15
-1.06581e-14
-6.66134e-16
-1.06581e-14
-6.21725e-15
-1.9984e-15
-9.99201e-15
-8.21565e-15
-4.88498e-15
-7.99361e-15
-3.10862e-15
-2.88658e-15
-4.88498e-15
-1.22125e-14
-1.9984e-15
-6.88338e-15
-8.43769e-15
-5.32907e-15
-5.77316e-15
-8.88178e-16
-4.21885e-15
-7.54952e-15
-7.10543e-15
-6.43929e-15
-7.32747e-15
-1.13243e-14
-1.33227e-15
-4.66294e-15
-6.88338e-15
-8.43769e-15
-5.77316e-15
-8.65974e-15
-1.15463e-14
-7.32747e-15
-3.33067e-15
-5.9952e-15
-9.32587e-15
-1.02141e-14
-1.9984e-15
-2.66454e-15
-4.66294e-15
-6.88338e-15
-5.10703e-15
-9.10383e-15
-1.19904e-14
-5.10703e-15
1.55431e-15
-3.9968e-15
-1.15463e-14
-7.99361e-15
-6.66134e-16
-8.88178e-16
-1.55431e-15
-5.55112e-15
-4.66294e-15
-8.65974e-15
-9.10383e-15
-2.44249e-15
3.9968e-15
-3.33067e-15
-1.06581e-14
-5.77316e-15
1.11022e-15
3.33067e-16
-1.55431e-15
-8.88178e-16
-7.32747e-15
-5.32907e-15
-4.88498e-15
-4.44089e-16
4.88498e-15
3.10862e-15
-7.99361e-15
-3.33067e-15
8.88178e-16
1.9984e-15
5.55112e-16
-2.88658e-15
-6.66134e-15
-3.10862e-15
-1.55431e-15
3.33067e-16
2.66454e-15
2.22045e-16
-4.66294e-15
-8.88178e-16
2.22045e-15
-8.88178e-16
4.10783e-15
5.77316e-15
-3.10862e-15
1.77636e-15
8.88178e-16
3.33067e-15
3.88578e-15
8.77076e-15
3.66374e-15
2.88658e-15
5.10703e-15
8.10463e-15
1.15463e-14
1.11022e-14
7.43849e-15
1.44329e-14
1.72085e-14
2.15383e-14
2.37588e-14
3.475e-14
3.81917e-14
4.19664e-14
5.36238e-14
6.56142e-14
7.88258e-14
9.38138e-14
1.15574e-13
1.43552e-13
1.70419e-13
2.05502e-13
2.48024e-13
3.04867e-13
3.64375e-13
4.40203e-13
5.34905e-13
6.46261e-13
7.80709e-13
9.35696e-13
1.1332e-12
1.37068e-12
1.6448e-12
1.98219e-12
2.38776e-12
2.87681e-12
3.4579e-12
4.15612e-12
4.99556e-12
5.99654e-12
7.19247e-12
8.62399e-12
1.03414e-11
1.23905e-11
1.48325e-11
1.77431e-11
2.12158e-11
2.53583e-11
3.0285e-11
3.61563e-11
4.31357e-11
5.14296e-11
6.1276e-11
7.29744e-11
8.6856e-11
1.03312e-10
1.22815e-10
1.45915e-10
1.73245e-10
2.05587e-10
2.43818e-10
2.88989e-10
3.42319e-10
4.05258e-10
4.79471e-10
5.66953e-10
6.6999e-10
7.9129e-10
9.33997e-10
1.10179e-09
1.29893e-09
1.53046e-09
1.8022e-09
2.12091e-09
2.49451e-09
2.93219e-09
3.4446e-09
4.04417e-09
4.74528e-09
5.56463e-09
6.52159e-09
7.63859e-09
8.9416e-09
1.04607e-08
1.22306e-08
1.42914e-08
1.66896e-08
1.94787e-08
2.27204e-08
2.64859e-08
3.08572e-08
3.59285e-08
4.18085e-08
4.8622e-08
5.65123e-08
6.56441e-08
7.62063e-08
8.84155e-08
1.0252e-07
1.18804e-07
1.37593e-07
1.59258e-07
1.84226e-07
2.12982e-07
2.4608e-07
2.84154e-07
3.27923e-07
3.7821e-07
4.3595e-07
5.02206e-07
5.7819e-07
6.65275e-07
7.65022e-07
8.79203e-07
1.00983e-06
1.15917e-06
1.32981e-06
1.52466e-06
1.74703e-06
2.00065e-06
2.28972e-06
2.61901e-06
2.99387e-06
3.42036e-06
3.90529e-06
4.45633e-06
5.0821e-06
5.79231e-06
6.59785e-06
7.51097e-06
8.54538e-06
9.71649e-06
1.10415e-05
1.25398e-05
1.4233e-05
1.61452e-05
1.83035e-05
2.0738e-05
2.34823e-05
2.6574e-05
3.0055e-05
3.39718e-05
3.83762e-05
4.3326e-05
4.88851e-05
5.51249e-05
6.21243e-05
6.99708e-05
7.87617e-05
8.86044e-05
9.96181e-05
0.000111934
0.000125699
0.000141072
0.000158232
0.000177373
0.000198712
0.000222487
0.000248958
0.000278413
0.000311169
0.000347573
0.000388004
0.000432883
0.000482665
0.000537854
0.000598998
0.000666697
0.000741607
0.000824444
0.000915992
0.0010171
0.0011287
0.0012518
0.00138751
0.00153701
0.00170162
0.00188273
0.00208189
0.00230075
0.00254111
0.00280491
0.00309427
0.00341145
0.00375891
0.0041393
0.00455549
0.00501055
0.0055078
0.00605081
0.00664341
0.00728972
0.00799416
0.00876148
0.00959675
0.0105054
0.0114933
0.0125666
0.0137321
0.0149967
0.016368
0.0178541
0.0194637
0.0212057
0.02309
0.0251268
0.027327
0.0297022
0.0322648
0.0350277
0.0380046
0.0412101
0.0446594
0.0483688
0.0523551
0.0566364
0.0612315
0.0661601
0.071443
0.077102
0.0831599
0.0896406
0.096569
0.103971
0.111875
0.120307
0.129299
0.13888
0.149082
0.15994
0.171486
0.183756
0.196788
0.210619
0.225289
0.240837
0.257306
0.274738
0.293177
0.312668
0.333257
0.354991
0.377918
0.402087
0.427548
0.454352
0.482551
0.512195
0.543338
0.576032
0.610332
0.646291
0.683962
0.7234
0.764658
0.80779
0.852849
0.899887
0.948956
1.00011
1.05339
1.10886
1.16655
1.22652
1.2888
1.35344
1.42049
1.48997
1.56192
1.63638
1.71337
1.79291
1.87504
1.95977
2.04711
2.13707
2.22967
2.32489
2.42275
2.52323
2.62632
2.73199
2.84024
2.95102
3.06431
3.18005
3.29821
3.41874
3.54156
3.66663
3.79385
3.92317
4.05448
4.18771
4.32275
4.4595
4.59784
4.73767
4.87885
5.02126
5.16476
5.30922
5.45447
5.60038
5.74678
5.89351
6.0404
6.18729
6.33398
6.48031
6.62608
6.77112
6.91523
7.05822
7.19989
7.34005
7.4785
7.61504
7.74948
7.88161
8.01124
8.13818
8.26222
8.38319
8.50087
8.6151
8.72568
8.83244
8.93521
9.03381
9.12808
9.21787
9.30302
9.38339
9.45884
9.52924
9.59447
9.65442
9.70898
9.75806
9.80157
9.83944
9.8716
9.89798
9.91856
9.93328
9.94212
9.94507
