2048 1 1
3.13501e-10 2.21679e-10 3.13501e-10
3.53424
3.53424
3.53354
3.53215
3.53008
3.52732
3.52388
3.51977
3.51498
3.50953
3.50342
3.49665
3.48924
3.4812
3.47253
3.46325
3.45335
3.44287
3.4318
3.42017
3.40797
3.39523
3.38196
3.36818
3.3539
3.33912
3.32388
3.30819
3.29205
3.27549
3.25853
3.24118
3.22345
3.20537
3.18695
3.16821
3.14916
3.12983
3.11023
3.09037
3.07028
3.04997
3.02945
3.00875
2.98788
2.96686
2.9457
2.92442
2.90303
2.88155
2.85999
2.83837
2.81671
2.795
2.77328
2.75155
2.72982
2.70811
2.68642
2.66478
2.64318
2.62165
2.60018
2.5788
2.5575
2.5363
2.51521
2.49423
2.47337
2.45264
2.43204
2.41158
2.39127
2.3711
2.35109
2.33124
2.31156
2.29204
2.27269
2.25351
2.23451
2.21569
2.19704
2.17858
2.1603
2.1422
2.12429
2.10656
2.08901
2.07165
2.05447
2.03748
2.02067
2.00404
1.98759
1.97132
1.95523
1.93932
1.92358
1.90802
1.89263
1.87741
1.86235
1.84746
1.83274
1.81818
1.80378
1.78953
1.77544
1.7615
1.74772
1.73408
1.72059
1.70724
1.69403
1.68096
1.66803
1.65524
1.64257
1.63004
1.61764
1.60536
1.59321
1.58118
1.56927
1.55748
1.54581
1.53425
1.52281
1.51148
1.50026
1.48915
1.47814
1.46725
1.45646
1.44577
1.43519
1.4247
1.41432
1.40404
1.39386
1.38377
1.37378
1.36389
1.35409
1.34439
1.33478
1.32527
1.31585
1.30652
1.29728
1.28813
1.27908
1.27011
1.26124
1.25245
1.24375
1.23515
1.22663
1.2182
1.20986
1.20161
1.19345
1.18537
1.17738
1.16948
1.16167
1.15395
1.14631
1.13876
1.1313
1.12393
1.11664
1.10944
1.10233
1.09531
1.08837
1.08152
1.07476
1.06809
1.0615
1.055
1.04859
1.04227
1.03603
1.02988
1.02382
1.01785
1.01196
1.00616
1.00045
0.994829
0.989293
0.983845
0.978484
0.973211
0.968025
0.962927
0.957916
0.952993
0.948157
0.943408
0.938747
0.934173
0.929686
0.925287
0.920975
0.91675
0.912611
0.90856
0.904596
0.900719
0.896929
0.893225
0.889608
0.886078
0.882634
0.879277
0.876007
0.872822
0.869724
0.866713
0.863787
0.860948
0.858194
0.855527
0.852945
0.850449
0.848039
0.845714
0.843475
0.841322
0.839254
0.837271
0.835374
0.833562
0.831835
0.830194
0.828637
0.827166
0.825779
0.824478
0.823261
0.822129
0.821082
0.82012
0.819242
0.818449
0.817741
0.817117
0.816578
0.816124
0.815754
0.815469
0.815268
0.815152
0.81512
0.815173
0.81531
0.815532
0.815838
0.816229
0.816705
0.817265
0.81791
0.818639
0.819454
0.820352
0.821336
0.822404
0.823557
0.824795
0.826118
0.827526
0.829018
0.830596
0.832259
0.834007
0.835841
0.837759
0.839763
0.841852
0.844027
0.846287
0.848633
0.851065
0.853582
0.856185
0.858874
0.861649
0.86451
0.867458
0.870491
0.87361
0.876816
0.880109
0.883487
0.886953
0.890504
0.894143
0.897868
0.90168
0.905579
0.909565
0.913638
0.917798
0.922045
0.926379
0.9308
0.935308
0.939904
0.944587
0.949358
0.954215
0.959161
0.964193
0.969314
0.974521
0.979816
0.985199
0.990669
0.996227
1.00187
1.00761
1.01343
1.01933
1.02533
1.03141
1.03758
1.04384
1.05019
1.05662
1.06314
1.06975
1.07644
1.08323
1.0901
1.09706
1.1041
1.11123
1.11846
1.12576
1.13316
1.14064
1.14821
1.15587
1.16362
1.17145
1.17937
1.18738
1.19548
1.20366
1.21194
1.2203
1.22875
1.23729
1.24592
1.25464
1.26345
1.27234
1.28133
1.29041
1.29958
1.30884
1.31819
1.32764
1.33718
1.34681
1.35653
1.36636
1.37627
1.38628
1.39639
1.4066
1.41691
1.42731
1.43782
1.44843
1.45914
1.46996
1.48088
1.49191
1.50305
1.5143
1.52566
1.53713
1.54871
1.56042
1.57224
1.58417
1.59623
1.60842
1.62073
1.63316
1.64573
1.65842
1.67125
1.68422
1.69732
1.71056
1.72395
1.73747
1.75115
1.76497
1.77895
1.79308
1.80736
1.8218
1.83641
1.85117
1.8661
1.88119
1.89646
1.91189
1.9275
1.94328
1.95924
1.97537
1.99169
2.00818
2.02485
2.04171
2.05875
2.07597
2.09338
2.11097
2.12875
2.14671
2.16485
2.18318
2.20169
2.22038
2.23925
2.25829
2.27751
2.2969
2.31646
2.33619
2.35608
2.37613
2.39633
2.41668
2.43718
2.45781
2.47857
2.49946
2.52047
2.54159
2.56282
2.58414
2.60554
2.62703
2.64858
2.67019
2.69184
2.71353
2.73525
2.75698
2.77871
2.80043
2.82213
2.84378
2.86539
2.88693
2.90839
2.92975
2.951
2.97213
2.99312
3.01395
3.0346
3.05507
3.07532
3.09536
3.11515
3.13469
3.15395
3.17292
3.19159
3.20992
3.22792
3.24555
3.26281
3.27967
3.29613
3.31215
3.32774
3.34286
3.35751
3.37167
3.38533
3.39847
3.41107
3.42313
3.43462
3.44555
3.45588
3.46562
3.47476
3.48327
3.49116
3.4984
3.50501
3.51095
3.51624
3.52086
3.52481
3.52808
3.53066
3.53257
3.53378
3.5343
3.53414
3.53328
3.53173
3.52949
3.52657
3.52296
3.51868
3.51371
3.50808
3.50178
3.49483
3.48722
3.47897
3.47009
3.46059
3.45047
3.43975
3.42844
3.41655
3.40409
3.39107
3.37752
3.36344
3.34885
3.33376
3.31818
3.30215
3.28565
3.26873
3.25138
3.23364
3.2155
3.197
3.17815
3.15896
3.13945
3.11965
3.09956
3.0792
3.0586
3.03776
3.0167
2.99545
2.97402
2.95242
2.93066
2.90878
2.88677
2.86466
2.84247
2.8202
2.79787
2.77549
2.75308
2.73066
2.70822
2.6858
2.66339
2.64101
2.61867
2.59638
2.57416
2.552
2.52993
2.50794
2.48606
2.46428
2.44261
2.42107
2.39965
2.37837
2.35723
2.33623
2.31538
2.29468
2.27415
2.25377
2.23357
2.21353
2.19366
2.17397
2.15445
2.13511
2.11596
2.09698
2.07818
2.05956
2.04113
2.02288
2.00481
1.98692
1.96921
1.95168
1.93434
1.91717
1.90017
1.88336
1.86671
1.85024
1.83394
1.81781
1.80184
1.78604
1.7704
1.75492
1.73959
1.72443
1.70941
1.69455
1.67984
1.66527
1.65085
1.63657
1.62242
1.60842
1.59455
1.58081
1.5672
1.55372
1.54036
1.52713
1.51402
1.50103
1.48815
1.47539
1.46275
1.45021
1.43779
1.42547
1.41326
1.40116
1.38916
1.37726
1.36546
1.35375
1.34215
1.33064
1.31923
1.30791
1.29668
1.28555
1.2745
1.26355
1.25268
1.2419
1.23121
1.2206
1.21008
1.19965
1.18929
1.17902
1.16884
1.15873
1.14871
1.13877
1.12891
1.11912
1.10942
1.0998
1.09025
1.08079
1.0714
1.06209
1.05286
1.0437
1.03463
1.02562
1.0167
1.00785
0.999074
0.990375
0.981752
0.973204
0.96473
0.956332
0.948007
0.939757
0.931581
0.923478
0.915449
0.907493
0.89961
0.891799
0.884062
0.876396
0.868803
0.861282
0.853832
0.846453
0.839146
0.831909
0.824743
0.817647
0.810621
0.803664
0.796778
0.78996
0.783211
0.77653
0.769918
0.763373
0.756896
0.750486
0.744143
0.737867
0.731656
0.725512
0.719432
0.713418
0.707468
0.701583
0.695761
0.690003
0.684308
0.678675
0.673105
0.667596
0.662149
0.656763
0.651438
0.646172
0.640966
0.63582
0.630732
0.625703
0.620731
0.615817
0.61096
0.606159
0.601414
0.596725
0.592091
0.587512
0.582987
0.578515
0.574097
0.569732
0.565419
0.561157
0.556947
0.552788
0.548679
0.544621
0.540611
0.536651
0.532739
0.528875
0.525058
0.521289
0.517566
0.513889
0.510258
0.506671
0.50313
0.499633
0.496179
0.492769
0.489402
0.486077
0.482793
0.479552
0.476351
0.47319
0.47007
0.466989
0.463948
0.460945
0.45798
0.455054
0.452164
0.449312
0.446496
0.443716
0.440971
0.438262
0.435588
0.432948
0.430342
0.427769
0.42523
0.422723
0.420249
0.417806
0.415395
0.413016
0.410666
0.408348
0.406059
0.403799
0.401569
0.399368
0.397195
0.39505
0.392933
0.390843
0.38878
0.386744
0.384734
0.382749
0.380791
0.378857
0.376949
0.375065
0.373205
0.371369
0.369557
0.367767
0.366001
0.364257
0.362536
0.360836
0.359158
0.357502
0.355866
0.354252
0.352657
0.351083
0.349529
0.347994
0.346479
0.344983
0.343505
0.342046
0.340605
0.339182
0.337777
0.336389
0.335018
0.333665
0.332327
0.331007
0.329702
0.328414
0.327141
0.325884
0.324641
0.323414
0.322202
0.321004
0.319821
0.318651
0.317496
0.316354
0.315225
0.31411
0.313008
0.311919
0.310843
0.309779
0.308727
0.307687
0.306659
0.305643
0.304639
0.303646
0.302664
0.301692
0.300732
0.299783
0.298843
0.297915
0.296996
0.296087
0.295188
0.294299
0.293419
0.292549
0.291688
0.290835
0.289992
0.289158
0.288332
0.287514
0.286705
0.285905
0.285112
0.284327
0.28355
0.282781
0.282019
0.281265
0.280518
0.279778
0.279045
0.278319
0.2776
0.276888
0.276183
0.275483
0.274791
0.274104
0.273424
0.27275
0.272082
0.27142
0.270763
0.270113
0.269468
0.268828
0.268194
0.267565
0.266941
0.266323
0.265709
0.265101
0.264498
0.263899
0.263305
0.262716
0.262131
0.261551
0.260975
0.260404
0.259837
0.259274
0.258715
0.258161
0.25761
0.257064
0.256521
0.255982
0.255447
0.254916
0.254388
0.253864
0.253344
0.252827
0.252313
0.251803
0.251296
0.250792
0.250292
0.249795
0.2493
0.248809
0.248321
0.247836
0.247354
0.246875
0.246399
0.245925
0.245454
0.244986
0.244521
0.244058
0.243598
0.24314
0.242685
0.242233
0.241783
0.241335
0.24089
0.240447
0.240006
0.239568
0.239132
0.238699
0.238267
0.237838
0.237411
0.236986
0.236563
0.236142
0.235723
0.235306
0.234891
0.234479
0.234068
0.233659
0.233252
0.232847
0.232444
0.232042
0.231643
0.231245
0.230849
0.230455
0.230062
0.229672
0.229283
0.228895
0.22851
0.228126
0.227744
0.227363
0.226984
0.226607
0.226231
0.225857
0.225484
0.225113
0.224743
0.224375
0.224009
0.223644
0.223281
0.222919
0.222558
0.222199
0.221841
0.221485
0.221131
0.220777
0.220426
0.220075
0.219726
0.219378
0.219032
0.218687
0.218344
0.218002
0.217661
0.217322
0.216984
0.216647
0.216312
0.215978
0.215645
0.215314
0.214984
0.214655
0.214327
0.214001
0.213676
0.213353
0.213031
0.21271
0.21239
0.212072
0.211755
0.211439
0.211124
0.210811
0.210499
0.210188
0.209879
0.20957
0.209263
0.208958
0.208653
0.20835
0.208048
0.207747
0.207448
0.207149
0.206852
0.206557
0.206262
0.205969
0.205677
0.205386
0.205096
0.204808
0.204521
0.204235
0.20395
0.203667
0.203385
0.203104
0.202824
0.202546
0.202269
0.201993
0.201718
0.201444
0.201172
0.200901
0.200631
0.200362
0.200095
0.199829
0.199564
0.1993
0.199038
0.198777
0.198517
0.198258
0.198001
0.197745
0.19749
0.197236
0.196983
0.196732
0.196482
0.196233
0.195986
0.19574
0.195494
0.195251
0.195008
0.194767
0.194527
0.194288
0.194051
0.193814
0.193579
0.193346
0.193113
0.192882
0.192652
0.192423
0.192196
0.19197
0.191745
0.191521
0.191299
0.191078
0.190858
0.19064
0.190422
0.190206
0.189992
0.189778
0.189566
0.189355
0.189146
0.188938
0.188731
0.188525
0.18832
0.188117
0.187915
0.187715
0.187516
0.187318
0.187121
0.186926
0.186732
0.186539
0.186348
0.186157
0.185969
0.185781
0.185595
0.18541
0.185227
0.185044
0.184863
0.184684
0.184505
0.184328
0.184153
0.183978
0.183805
0.183634
0.183463
0.183294
0.183127
0.18296
0.182795
0.182631
0.182469
0.182308
0.182148
0.18199
0.181833
0.181677
0.181523
0.18137
0.181218
0.181068
0.180919
0.180771
0.180625
0.18048
0.180337
0.180194
0.180053
0.179914
0.179776
0.179639
0.179504
0.17937
0.179237
0.179105
0.178976
0.178847
0.17872
0.178594
0.178469
0.178346
0.178224
0.178104
0.177985
0.177867
0.177751
0.177636
0.177523
0.17741
0.1773
0.17719
0.177082
0.176976
0.17687
0.176767
0.176664
0.176563
0.176463
0.176365
0.176268
0.176172
0.176078
0.175986
0.175894
0.175804
0.175716
0.175628
0.175543
0.175458
0.175375
0.175294
0.175213
0.175134
0.175057
0.174981
0.174906
0.174833
0.174761
0.174691
0.174622
0.174554
0.174488
0.174423
0.17436
0.174298
0.174237
0.174178
0.17412
0.174064
0.174009
0.173955
0.173903
0.173852
0.173803
0.173755
0.173709
0.173664
0.17362
0.173578
0.173537
0.173497
0.173459
0.173423
0.173387
0.173354
0.173321
0.17329
0.173261
0.173232
0.173206
0.17318
0.173156
0.173134
0.173113
0.173093
0.173075
0.173058
0.173043
0.173029
0.173016
0.173005
0.172995
0.172987
0.17298
0.172975
0.17297
0.172968
0.172967
0.172967
0.172968
0.172971
0.172976
0.172982
0.172989
0.172998
0.173008
0.173019
0.173032
0.173046
0.173062
0.173079
0.173098
0.173118
0.173139
0.173162
0.173187
0.173212
0.173239
0.173268
0.173298
0.173329
0.173362
0.173396
0.173432
0.173469
0.173507
0.173547
0.173588
0.173631
0.173675
0.17372
0.173767
0.173815
0.173865
0.173916
0.173969
0.174023
0.174078
0.174135
0.174193
0.174252
0.174313
0.174376
0.174439
0.174504
0.174571
0.174639
0.174708
0.174779
0.174851
0.174925
0.175
0.175076
0.175154
0.175233
0.175314
0.175396
0.175479
0.175564
0.17565
0.175738
0.175827
0.175917
0.176009
0.176102
0.176196
0.176292
0.176389
0.176488
0.176588
0.17669
0.176792
0.176897
0.177002
0.177109
0.177218
0.177327
0.177438
0.177551
0.177665
0.17778
0.177897
0.178015
0.178134
0.178255
0.178377
0.1785
0.178625
0.178751
0.178879
0.179008
0.179138
0.17927
0.179403
0.179537
0.179673
0.17981
0.179949
0.180089
0.18023
0.180372
0.180516
0.180661
0.180808
0.180956
0.181105
0.181256
0.181408
0.181561
0.181716
0.181872
0.182029
0.182188
0.182348
0.182509
0.182672
0.182836
0.183002
0.183168
0.183336
0.183506
0.183676
0.183848
0.184022
0.184197
0.184373
0.18455
0.184728
0.184908
0.18509
0.185272
0.185456
0.185641
0.185828
0.186016
0.186205
0.186395
0.186587
0.18678
0.186975
0.18717
0.187367
0.187565
0.187765
0.187966
0.188168
0.188371
0.188576
0.188782
0.188989
0.189198
0.189408
0.189619
0.189832
0.190045
0.19026
0.190477
0.190694
0.190913
0.191133
0.191354
0.191577
0.191801
0.192026
0.192253
0.19248
0.192709
0.19294
0.193171
0.193404
0.193638
0.193873
0.19411
0.194348
0.194587
0.194827
0.195069
0.195312
0.195556
0.195801
0.196048
0.196295
0.196544
0.196795
0.197046
0.197299
0.197553
0.197808
0.198065
0.198323
0.198582
0.198842
0.199103
0.199366
0.19963
0.199895
0.200162
0.200429
0.200698
0.200969
0.20124
0.201512
0.201786
0.202061
0.202338
0.202615
0.202894
0.203174
0.203455
0.203738
0.204021
0.204306
0.204593
0.20488
0.205169
0.205459
0.20575
0.206042
0.206336
0.20663
0.206926
0.207224
0.207522
0.207822
0.208123
0.208426
0.208729
0.209034
0.20934
0.209647
0.209956
0.210266
0.210577
0.210889
0.211203
0.211518
0.211834
0.212151
0.21247
0.21279
0.213111
0.213434
0.213757
0.214083
0.214409
0.214737
0.215066
0.215396
0.215728
0.216061
0.216395
0.216731
0.217068
0.217406
0.217746
0.218087
0.21843
0.218773
0.219119
0.219465
0.219813
0.220163
0.220513
0.220866
0.221219
0.221574
0.221931
0.222289
0.222648
0.223009
0.223371
0.223735
0.2241
0.224467
0.224836
0.225206
0.225577
0.22595
0.226325
0.226701
0.227079
0.227458
0.227839
0.228222
0.228606
0.228992
0.22938
0.229769
0.23016
0.230553
0.230948
0.231344
0.231742
0.232142
0.232544
0.232948
0.233354
0.233761
0.23417
0.234582
0.234995
0.23541
0.235828
0.236247
0.236668
0.237092
0.237517
0.237945
0.238375
0.238807
0.239241
0.239678
0.240116
0.240557
0.241001
0.241447
0.241895
0.242346
0.242799
0.243254
0.243713
0.244173
0.244637
0.245103
0.245572
0.246043
0.246517
0.246994
0.247474
0.247957
0.248443
0.248932
0.249424
0.249919
0.250417
0.250918
0.251422
0.25193
0.252441
0.252956
0.253474
0.253995
0.25452
0.255049
0.255581
0.256117
0.256657
0.2572
0.257748
0.258299
0.258855
0.259414
0.259978
0.260546
0.261119
0.261696
0.262277
0.262863
0.263453
0.264048
0.264648
0.265253
0.265862
0.266477
0.267097
0.267722
0.268352
0.268987
0.269628
0.270275
0.270927
0.271585
0.272248
0.272918
0.273594
0.274275
0.274963
0.275658
0.276358
0.277066
0.277779
0.2785
0.279228
0.279962
0.280704
0.281452
0.282209
0.282972
0.283744
0.284522
0.285309
0.286104
0.286907
0.287718
0.288537
0.289365
0.290202
0.291048
0.291902
0.292765
0.293638
0.29452
0.295412
0.296313
0.297225
0.298146
0.299077
0.300019
0.300971
0.301934
0.302908
0.303893
0.304889
0.305896
0.306915
0.307946
0.308989
0.310044
0.311111
0.31219
0.313283
0.314388
0.315506
0.316638
0.317783
0.318942
0.320115
0.321302
0.322504
0.32372
0.324951
0.326196
0.327458
0.328734
0.330027
0.331335
0.33266
0.334001
0.335359
0.336734
0.338126
0.339536
0.340963
0.342409
0.343873
0.345355
0.346856
0.348376
0.349916
0.351475
0.353054
0.354653
0.356273
0.357914
0.359576
0.361259
0.362964
0.364691
0.36644
0.368212
0.370007
0.371826
0.373668
0.375533
0.377424
0.379338
0.381278
0.383243
0.385234
0.38725
0.389293
0.391363
0.39346
0.395584
0.397736
0.399916
0.402124
0.404362
0.406628
0.408925
0.411251
0.413608
0.415995
0.418414
0.420864
0.423347
0.425862
0.428409
0.43099
0.433605
0.436253
0.438936
0.441654
0.444407
0.447196
0.450021
0.452883
0.455782
0.458718
0.461692
0.464705
0.467756
0.470846
0.473977
0.477147
0.480358
0.48361
0.486904
0.49024
0.493618
0.497039
0.500503
0.504011
0.507564
0.511161
0.514804
0.518492
0.522227
0.526008
0.529836
0.533712
0.537636
0.541609
0.545631
0.549702
0.553823
0.557995
0.562218
0.566492
0.570818
0.575197
0.579628
0.584113
0.588652
0.593245
0.597892
0.602595
0.607354
0.612169
0.61704
0.621969
0.626955
0.631999
0.637101
0.642262
0.647483
0.652763
0.658104
0.663505
0.668968
0.674492
0.680077
0.685726
0.691436
0.69721
0.703048
0.70895
0.714915
0.720946
0.727042
0.733203
0.73943
0.745723
0.752083
0.758509
0.765003
0.771565
0.778194
0.784892
0.791658
0.798493
0.805397
0.812371
0.819414
0.826528
0.833711
0.840966
0.848291
0.855687
0.863155
0.870695
0.878306
0.885989
0.893745
0.901574
0.909475
0.917449
0.925497
0.933618
0.941813
0.950081
0.958424
0.966842
0.975334
0.983901
0.992543
1.00126
1.01005
1.01892
1.02787
1.03689
1.04599
1.05516
1.06441
1.07374
1.08315
1.09263
1.1022
1.11184
1.12156
1.13136
1.14125
1.15121
1.16125
1.17138
1.18158
1.19187
1.20225
1.2127
1.22325
1.23387
1.24459
1.25539
1.26628
1.27726
1.28832
1.29948
1.31073
1.32207
1.33351
1.34504
1.35667
1.3684
1.38022
1.39215
1.40417
1.41631
1.42854
1.44089
1.45334
1.4659
1.47857
1.49136
1.50426
1.51728
1.53043
1.54369
1.55708
1.57059
1.58423
1.598
1.61191
1.62595
1.64012
1.65444
1.6689
1.6835
1.69825
1.71315
1.72821
1.74341
1.75877
1.77429
1.78997
1.80581
1.82182
1.838
1.85434
1.87086
1.88754
1.9044
1.92144
1.93866
1.95605
1.97362
1.99137
2.00931
2.02742
2.04572
2.0642
2.08286
2.1017
2.12073
2.13993
2.15932
2.17888
2.19861
2.21852
2.2386
2.25885
2.27927
2.29984
2.32058
2.34146
2.3625
2.38368
2.405
2.42644
2.44802
2.46971
2.49152
2.51343
2.53544
2.55753
2.57971
2.60195
2.62425
2.6466
2.66899
2.6914
2.71383
2.73626
2.75869
2.78109
2.80345
2.82577
2.84802
2.8702
2.89228
2.91426
2.93611
2.95783
2.97939
3.00078
3.02199
3.04299
3.06377
3.08431
3.10461
3.12463
3.14436
3.16379
3.18289
3.20166
3.22007
3.23811
3.25576
3.273
3.28982
3.3062
3.32212
3.33758
3.35254
3.36701
3.38096
3.39438
3.40725
3.41957
3.43132
3.44249
3.45306
3.46302
3.47237
3.4811
3.48918
3.49663
3.50342
3.50955
3.51502
3.51981
3.52393
3.52737
3.53012
3.53218
3.53356
3.53424
