2048 1 1
3.13501e-10 2.21679e-10 3.13501e-10
13.8462
13.8595
13.8709
13.8805
13.8881
13.8938
13.8977
13.8997
13.8998
13.8981
13.8945
13.8891
13.8819
13.8729
13.8621
13.8496
13.8353
13.8193
13.8017
13.7823
13.7614
13.7388
13.7146
13.6889
13.6617
13.6329
13.6028
13.5711
13.5381
13.5037
13.468
13.431
13.3928
13.3533
13.3126
13.2708
13.2279
13.1839
13.1388
13.0928
13.0458
12.9978
12.949
12.8993
12.8489
12.7976
12.7456
12.6929
12.6395
12.5855
12.5309
12.4758
12.4201
12.364
12.3074
12.2503
12.1929
12.1352
12.0771
12.0187
11.96
11.9012
11.8421
11.7828
11.7234
11.6639
11.6043
11.5447
11.485
11.4253
11.3655
11.3059
11.2462
11.1867
11.1272
11.0679
11.0087
10.9497
10.8908
10.8321
10.7736
10.7154
10.6573
10.5996
10.5421
10.4848
10.4279
10.3713
10.3149
10.2589
10.2032
10.1479
10.0929
10.0383
9.98408
9.93021
9.87672
9.82361
9.77091
9.7186
9.66669
9.6152
9.56412
9.51346
9.46322
9.41341
9.36402
9.31507
9.26654
9.21845
9.1708
9.12358
9.0768
9.03046
8.98456
8.93911
8.89409
8.84951
8.80537
8.76168
8.71842
8.6756
8.63322
8.59128
8.54977
8.5087
8.46807
8.42786
8.38809
8.34874
8.30983
8.27133
8.23327
8.19562
8.1584
8.12159
8.0852
8.04922
8.01365
7.9785
7.94375
7.9094
7.87546
7.84192
7.80878
7.77603
7.74368
7.71172
7.68014
7.64896
7.61815
7.58773
7.55769
7.52802
7.49873
7.46981
7.44126
7.41307
7.38525
7.3578
7.3307
7.30396
7.27758
7.25155
7.22587
7.20054
7.17555
7.15091
7.12661
7.10265
7.07903
7.05575
7.03279
7.01017
6.98788
6.96591
6.94427
6.92295
6.90195
6.88128
6.86091
6.84087
6.82113
6.80171
6.7826
6.76379
6.74529
6.7271
6.7092
6.69161
6.67431
6.65732
6.64061
6.6242
6.60809
6.59226
6.57672
6.56147
6.54651
6.53183
6.51743
6.50332
6.48948
6.47592
6.46264
6.44964
6.43691
6.42446
6.41227
6.40036
6.38872
6.37735
6.36624
6.3554
6.34483
6.33451
6.32447
6.31468
6.30516
6.29589
6.28689
6.27814
6.26965
6.26142
6.25344
6.24572
6.23825
6.23103
6.22407
6.21736
6.2109
6.20469
6.19873
6.19302
6.18756
6.18234
6.17738
6.17266
6.16818
6.16396
6.15998
6.15624
6.15275
6.1495
6.1465
6.14374
6.14122
6.13895
6.13692
6.13514
6.13359
6.13229
6.13123
6.13041
6.12984
6.12951
6.12942
6.12957
6.12996
6.1306
6.13147
6.13259
6.13395
6.13556
6.13741
6.1395
6.14183
6.14441
6.14723
6.15029
6.1536
6.15715
6.16095
6.16499
6.16928
6.17381
6.1786
6.18362
6.1889
6.19442
6.2002
6.20622
6.21249
6.21901
6.22579
6.23281
6.24009
6.24762
6.25541
6.26345
6.27175
6.2803
6.28911
6.29818
6.30751
6.3171
6.32695
6.33707
6.34744
6.35808
6.36899
6.38016
6.39161
6.40331
6.41529
6.42755
6.44007
6.45287
6.46594
6.47929
6.49291
6.50682
6.521
6.53547
6.55022
6.56526
6.58058
6.59619
6.61209
6.62828
6.64476
6.66154
6.67861
6.69598
6.71365
6.73162
6.74989
6.76846
6.78735
6.80654
6.82604
6.84585
6.86597
6.88642
6.90717
6.92825
6.94965
6.97137
6.99342
7.01579
7.0385
7.06154
7.08491
7.10861
7.13266
7.15704
7.18177
7.20684
7.23225
7.25802
7.28414
7.31061
7.33744
7.36463
7.39217
7.42008
7.44836
7.477
7.50602
7.5354
7.56516
7.5953
7.62582
7.65672
7.688
7.71967
7.75173
7.78418
7.81703
7.85027
7.88391
7.91795
7.9524
7.98725
8.02251
8.05818
8.09426
8.13075
8.16766
8.20499
8.24274
8.28092
8.31951
8.35854
8.39799
8.43787
8.47819
8.51893
8.56011
8.60173
8.64378
8.68627
8.72919
8.77256
8.81637
8.86061
8.9053
8.95043
8.996
9.04201
9.08846
9.13534
9.18267
9.23043
9.27863
9.32726
9.37633
9.42582
9.47574
9.52609
9.57685
9.62804
9.67963
9.73164
9.78404
9.83685
9.89005
9.94364
9.99761
10.0519
10.1067
10.1617
10.2171
10.2729
10.329
10.3854
10.4421
10.4991
10.5564
10.614
10.6718
10.7299
10.7882
10.8468
10.9055
10.9644
11.0235
11.0827
11.1421
11.2016
11.2611
11.3208
11.3805
11.4402
11.4999
11.5596
11.6192
11.6788
11.7383
11.7977
11.8569
11.9159
11.9747
12.0333
12.0916
12.1496
12.2073
12.2646
12.3216
12.3781
12.4341
12.4896
12.5446
12.5991
12.6529
12.7061
12.7587
12.8105
12.8615
12.9118
12.9613
13.0099
13.0576
13.1044
13.1502
13.195
13.2387
13.2814
13.3229
13.3633
13.4024
13.4404
13.4771
13.5125
13.5465
13.5792
13.6104
13.6403
13.6686
13.6955
13.7208
13.7446
13.7668
13.7873
13.8062
13.8235
13.839
13.8529
13.865
13.8753
13.8839
13.8906
13.8956
13.8987
13.8999
13.8994
13.8969
13.8926
13.8864
13.8783
13.8682
13.8563
13.8425
13.8268
13.8092
13.7897
13.7683
13.745
13.7198
13.6927
13.6638
13.6331
13.6004
13.566
13.5298
13.4917
13.4519
13.4104
13.3671
13.3221
13.2754
13.227
13.1771
13.1255
13.0723
13.0176
12.9613
12.9036
12.8444
12.7838
12.7218
12.6584
12.5937
12.5278
12.4605
12.3921
12.3224
12.2516
12.1797
12.1068
12.0327
11.9577
11.8818
11.8049
11.7271
11.6485
11.569
11.4888
11.4078
11.3262
11.2438
11.1609
11.0773
10.9932
10.9086
10.8235
10.7379
10.6519
10.5655
10.4788
10.3917
10.3043
10.2167
10.1288
10.0407
9.95247
9.86406
9.77554
9.68691
9.59821
9.50947
9.4207
9.33194
9.24319
9.1545
9.06586
8.97732
8.88887
8.80056
8.71239
8.62437
8.53654
8.44889
8.36146
8.27424
8.18727
8.10054
8.01408
7.92789
7.84199
7.75639
7.67109
7.58611
7.50146
7.41714
7.33317
7.24954
7.16627
7.08337
7.00084
6.91868
6.8369
6.75551
6.67451
6.5939
6.51369
6.43388
6.35447
6.27547
6.19688
6.1187
6.04093
5.96357
5.88663
5.8101
5.73399
5.65829
5.58301
5.50814
5.43369
5.35966
5.28604
5.21284
5.14004
5.06766
4.99569
4.92413
4.85298
4.78223
4.71189
4.64195
4.57241
4.50327
4.43453
4.36618
4.29822
4.23066
4.16348
4.09668
4.03027
3.96424
3.89859
3.83332
3.76842
3.70388
3.63972
3.57592
3.51248
3.44941
3.38669
3.32432
3.26231
3.20065
3.13933
3.07836
3.01772
2.95743
2.89747
2.83784
2.77855
2.71958
2.66094
2.60262
2.54461
2.48693
2.42956
2.3725
2.31575
2.2593
2.20316
2.14732
2.09178
2.03654
1.98159
1.92693
1.87255
1.81847
1.76467
1.71114
1.6579
1.60494
1.55224
1.49982
1.44767
1.39579
1.34417
1.29281
1.24171
1.19087
1.14029
1.08996
1.03988
0.99005
0.940467
0.891129
0.842033
0.793179
0.744562
0.696182
0.648037
0.600124
0.552442
0.504988
0.457761
0.410759
0.363979
0.317421
0.271081
0.224959
0.179052
0.133359
0.0878773
0.0426059
-0.00245729
-0.0473138
-0.0919655
-0.136414
-0.180661
-0.224708
-0.268557
-0.31221
-0.355667
-0.398931
-0.442003
-0.484885
-0.527578
-0.570083
-0.612403
-0.654539
-0.696492
-0.738263
-0.779855
-0.821268
-0.862503
-0.903563
-0.944449
-0.985161
-1.0257
-1.06607
-1.10627
-1.14631
-1.18617
-1.22587
-1.26541
-1.30478
-1.344
-1.38305
-1.42194
-1.46068
-1.49925
-1.53767
-1.57594
-1.61405
-1.65201
-1.68982
-1.72748
-1.76499
-1.80235
-1.83957
-1.87663
-1.91355
-1.95033
-1.98697
-2.02346
-2.05981
-2.09602
-2.13209
-2.16802
-2.20381
-2.23947
-2.27499
-2.31038
-2.34563
-2.38075
-2.41573
-2.45059
-2.48531
-2.5199
-2.55437
-2.5887
-2.62291
-2.65699
-2.69094
-2.72477
-2.75847
-2.79205
-2.82551
-2.85884
-2.89206
-2.92515
-2.95812
-2.99097
-3.0237
-3.05631
-3.0888
-3.12118
-3.15344
-3.18559
-3.21761
-3.24953
-3.28133
-3.31301
-3.34459
-3.37605
-3.4074
-3.43863
-3.46976
-3.50078
-3.53168
-3.56248
-3.59317
-3.62375
-3.65422
-3.68459
-3.71485
-3.745
-3.77505
-3.80499
-3.83483
-3.86456
-3.89419
-3.92372
-3.95314
-3.98246
-4.01168
-4.0408
-4.06981
-4.09873
-4.12754
-4.15626
-4.18487
-4.21339
-4.24181
-4.27013
-4.29835
-4.32647
-4.3545
-4.38243
-4.41027
-4.438
-4.46565
-4.49319
-4.52064
-4.548
-4.57527
-4.60243
-4.62951
-4.65649
-4.68338
-4.71018
-4.73688
-4.7635
-4.79002
-4.81645
-4.84279
-4.86903
-4.89519
-4.92126
-4.94723
-4.97312
-4.99892
-5.02463
-5.05025
-5.07578
-5.10123
-5.12658
-5.15185
-5.17703
-5.20213
-5.22713
-5.25206
-5.27689
-5.30164
-5.3263
-5.35088
-5.37537
-5.39977
-5.4241
-5.44833
-5.47248
-5.49655
-5.52054
-5.54444
-5.56825
-5.59199
-5.61564
-5.6392
-5.66269
-5.68609
-5.70941
-5.73265
-5.75581
-5.77888
-5.80188
-5.82479
-5.84762
-5.87037
-5.89304
-5.91563
-5.93814
-5.96057
-5.98292
-6.00519
-6.02738
-6.04949
-6.07152
-6.09348
-6.11535
-6.13715
-6.15886
-6.1805
-6.20206
-6.22355
-6.24495
-6.26628
-6.28753
-6.30871
-6.32981
-6.35083
-6.37177
-6.39264
-6.41343
-6.43414
-6.45478
-6.47534
-6.49583
-6.51624
-6.53658
-6.55684
-6.57703
-6.59714
-6.61717
-6.63713
-6.65702
-6.67683
-6.69657
-6.71624
-6.73583
-6.75535
-6.77479
-6.79416
-6.81346
-6.83268
-6.85183
-6.87091
-6.88991
-6.90885
-6.92771
-6.94649
-6.96521
-6.98385
-7.00242
-7.02092
-7.03935
-7.05771
-7.07599
-7.09421
-7.11235
-7.13042
-7.14842
-7.16635
-7.18421
-7.202
-7.21972
-7.23737
-7.25495
-7.27245
-7.28989
-7.30726
-7.32456
-7.34179
-7.35895
-7.37604
-7.39306
-7.41001
-7.4269
-7.44371
-7.46046
-7.47714
-7.49375
-7.51029
-7.52676
-7.54317
-7.5595
-7.57577
-7.59197
-7.60811
-7.62417
-7.64017
-7.6561
-7.67197
-7.68777
-7.7035
-7.71916
-7.73476
-7.75029
-7.76575
-7.78115
-7.79648
-7.81174
-7.82694
-7.84207
-7.85714
-7.87214
-7.88708
-7.90195
-7.91675
-7.93149
-7.94617
-7.96077
-7.97532
-7.9898
-8.00421
-8.01856
-8.03284
-8.04706
-8.06122
-8.07531
-8.08934
-8.1033
-8.1172
-8.13104
-8.14481
-8.15851
-8.17216
-8.18574
-8.19926
-8.21271
-8.2261
-8.23943
-8.25269
-8.26589
-8.27903
-8.2921
-8.30512
-8.31807
-8.33096
-8.34378
-8.35654
-8.36924
-8.38188
-8.39446
-8.40697
-8.41943
-8.43182
-8.44415
-8.45641
-8.46862
-8.48076
-8.49285
-8.50487
-8.51683
-8.52873
-8.54057
-8.55235
-8.56407
-8.57572
-8.58732
-8.59885
-8.61033
-8.62174
-8.6331
-8.64439
-8.65562
-8.6668
-8.67791
-8.68897
-8.69996
-8.71089
-8.72177
-8.73258
-8.74334
-8.75404
-8.76467
-8.77525
-8.78577
-8.79623
-8.80663
-8.81697
-8.82725
-8.83748
-8.84764
-8.85775
-8.8678
-8.87779
-8.88772
-8.89759
-8.9074
-8.91716
-8.92686
-8.9365
-8.94608
-8.9556
-8.96507
-8.97448
-8.98383
-8.99312
-9.00236
-9.01154
-9.02066
-9.02972
-9.03873
-9.04768
-9.05657
-9.0654
-9.07418
-9.0829
-9.09157
-9.10017
-9.10872
-9.11722
-9.12566
-9.13404
-9.14236
-9.15063
-9.15884
-9.16699
-9.17509
-9.18314
-9.19112
-9.19905
-9.20693
-9.21475
-9.22251
-9.23022
-9.23787
-9.24546
-9.253
-9.26049
-9.26792
-9.27529
-9.28261
-9.28987
-9.29708
-9.30423
-9.31133
-9.31837
-9.32536
-9.33229
-9.33917
-9.34599
-9.35276
-9.35947
-9.36613
-9.37273
-9.37928
-9.38577
-9.39221
-9.3986
-9.40493
-9.41121
-9.41743
-9.4236
-9.42971
-9.43577
-9.44177
-9.44772
-9.45362
-9.45946
-9.46525
-9.47099
-9.47667
-9.4823
-9.48787
-9.49339
-9.49886
-9.50427
-9.50963
-9.51494
-9.52019
-9.52539
-9.53053
-9.53562
-9.54066
-9.54565
-9.55058
-9.55546
-9.56028
-9.56506
-9.56978
-9.57444
-9.57906
-9.58362
-9.58812
-9.59258
-9.59698
-9.60133
-9.60562
-9.60987
-9.61406
-9.61819
-9.62228
-9.62631
-9.63029
-9.63422
-9.63809
-9.64192
-9.64568
-9.6494
-9.65307
-9.65668
-9.66024
-9.66375
-9.6672
-9.6706
-9.67396
-9.67725
-9.6805
-9.68369
-9.68684
-9.68993
-9.69296
-9.69595
-9.69888
-9.70177
-9.7046
-9.70737
-9.7101
-9.71277
-9.71539
-9.71796
-9.72048
-9.72295
-9.72536
-9.72773
-9.73004
-9.7323
-9.7345
-9.73666
-9.73876
-9.74082
-9.74282
-9.74477
-9.74666
-9.74851
-9.7503
-9.75204
-9.75374
-9.75537
-9.75696
-9.7585
-9.75998
-9.76142
-9.7628
-9.76413
-9.76541
-9.76663
-9.76781
-9.76893
-9.77001
-9.77103
-9.772
-9.77291
-9.77378
-9.7746
-9.77536
-9.77607
-9.77674
-9.77735
-9.7779
-9.77841
-9.77887
-9.77927
-9.77962
-9.77993
-9.78018
-9.78038
-9.78052
-9.78062
-9.78066
-9.78066
-9.7806
-9.78049
-9.78033
-9.78012
-9.77986
-9.77954
-9.77918
-9.77876
-9.77829
-9.77777
-9.7772
-9.77657
-9.7759
-9.77518
-9.7744
-9.77357
-9.77269
-9.77176
-9.77078
-9.76974
-9.76866
-9.76752
-9.76633
-9.76509
-9.7638
-9.76246
-9.76106
-9.75962
-9.75812
-9.75657
-9.75497
-9.75332
-9.75161
-9.74986
-9.74805
-9.74619
-9.74428
-9.74232
-9.74031
-9.73824
-9.73613
-9.73396
-9.73174
-9.72946
-9.72714
-9.72477
-9.72234
-9.71986
-9.71733
-9.71474
-9.71211
-9.70942
-9.70668
-9.70389
-9.70105
-9.69816
-9.69521
-9.69221
-9.68916
-9.68606
-9.6829
-9.67969
-9.67643
-9.67312
-9.66976
-9.66634
-9.66287
-9.65935
-9.65578
-9.65216
-9.64848
-9.64475
-9.64096
-9.63713
-9.63324
-9.6293
-9.62531
-9.62126
-9.61716
-9.61301
-9.60881
-9.60455
-9.60025
-9.59588
-9.59147
-9.587
-9.58248
-9.57791
-9.57328
-9.5686
-9.56387
-9.55908
-9.55424
-9.54935
-9.54441
-9.53941
-9.53436
-9.52925
-9.52409
-9.51888
-9.51361
-9.5083
-9.50292
-9.4975
-9.49202
-9.48648
-9.4809
-9.47526
-9.46956
-9.46381
-9.45801
-9.45215
-9.44624
-9.44028
-9.43426
-9.42819
-9.42206
-9.41588
-9.40964
-9.40335
-9.39701
-9.39061
-9.38416
-9.37765
-9.37109
-9.36447
-9.3578
-9.35107
-9.34429
-9.33745
-9.33056
-9.32362
-9.31662
-9.30956
-9.30245
-9.29528
-9.28806
-9.28079
-9.27345
-9.26607
-9.25862
-9.25112
-9.24357
-9.23596
-9.2283
-9.22057
-9.2128
-9.20497
-9.19708
-9.18913
-9.18113
-9.17307
-9.16496
-9.15679
-9.14857
-9.14028
-9.13195
-9.12355
-9.1151
-9.10659
-9.09803
-9.08941
-9.08073
-9.07199
-9.0632
-9.05435
-9.04544
-9.03648
-9.02746
-9.01838
-9.00925
-9.00006
-8.99081
-8.9815
-8.97213
-8.96271
-8.95323
-8.94369
-8.93409
-8.92444
-8.91473
-8.90496
-8.89513
-8.88524
-8.87529
-8.86529
-8.85523
-8.84511
-8.83493
-8.82469
-8.81439
-8.80403
-8.79362
-8.78315
-8.77261
-8.76202
-8.75137
-8.74066
-8.72989
-8.71906
-8.70817
-8.69722
-8.68621
-8.67514
-8.66401
-8.65282
-8.64157
-8.63026
-8.61889
-8.60747
-8.59598
-8.58442
-8.57281
-8.56114
-8.54941
-8.53762
-8.52576
-8.51385
-8.50187
-8.48983
-8.47773
-8.46557
-8.45335
-8.44107
-8.42873
-8.41632
-8.40385
-8.39132
-8.37873
-8.36607
-8.35336
-8.34058
-8.32774
-8.31484
-8.30187
-8.28884
-8.27575
-8.2626
-8.24938
-8.2361
-8.22276
-8.20935
-8.19588
-8.18235
-8.16875
-8.15509
-8.14137
-8.12758
-8.11373
-8.09982
-8.08584
-8.07179
-8.05769
-8.04352
-8.02928
-8.01498
-8.00061
-7.98618
-7.97169
-7.95713
-7.9425
-7.92781
-7.91306
-7.89824
-7.88335
-7.8684
-7.85338
-7.8383
-7.82315
-7.80793
-7.79265
-7.7773
-7.76189
-7.74641
-7.73086
-7.71525
-7.69957
-7.68382
-7.66801
-7.65213
-7.63618
-7.62016
-7.60408
-7.58793
-7.57171
-7.55543
-7.53907
-7.52265
-7.50616
-7.4896
-7.47297
-7.45628
-7.43952
-7.42268
-7.40578
-7.38881
-7.37177
-7.35467
-7.33749
-7.32024
-7.30292
-7.28554
-7.26808
-7.25056
-7.23296
-7.2153
-7.19756
-7.17975
-7.16188
-7.14393
-7.12591
-7.10782
-7.08966
-7.07143
-7.05313
-7.03475
-7.0163
-6.99779
-6.9792
-6.96054
-6.9418
-6.923
-6.90412
-6.88517
-6.86615
-6.84705
-6.82788
-6.80864
-6.78932
-6.76994
-6.75047
-6.73094
-6.71133
-6.69165
-6.67189
-6.65206
-6.63215
-6.61217
-6.59212
-6.57199
-6.55178
-6.5315
-6.51115
-6.49072
-6.47021
-6.44963
-6.42897
-6.40824
-6.38743
-6.36654
-6.34558
-6.32454
-6.30342
-6.28223
-6.26096
-6.23961
-6.21818
-6.19668
-6.1751
-6.15344
-6.1317
-6.10989
-6.08799
-6.06602
-6.04397
-6.02184
-5.99963
-5.97734
-5.95497
-5.93252
-5.90999
-5.88738
-5.86469
-5.84192
-5.81907
-5.79613
-5.77312
-5.75003
-5.72685
-5.70359
-5.68025
-5.65683
-5.63332
-5.60973
-5.58606
-5.56231
-5.53847
-5.51455
-5.49054
-5.46645
-5.44228
-5.41802
-5.39368
-5.36925
-5.34474
-5.32014
-5.29546
-5.27069
-5.24583
-5.22089
-5.19586
-5.17075
-5.14554
-5.12025
-5.09487
-5.06941
-5.04385
-5.01821
-4.99248
-4.96666
-4.94075
-4.91475
-4.88866
-4.86248
-4.83621
-4.80985
-4.7834
-4.75685
-4.73022
-4.70349
-4.67667
-4.64976
-4.62275
-4.59565
-4.56846
-4.54117
-4.51379
-4.48631
-4.45874
-4.43108
-4.40332
-4.37546
-4.3475
-4.31945
-4.2913
-4.26306
-4.23471
-4.20627
-4.17773
-4.14909
-4.12035
-4.09151
-4.06257
-4.03353
-4.00438
-3.97514
-3.94579
-3.91634
-3.88679
-3.85714
-3.82738
-3.79751
-3.76755
-3.73747
-3.70729
-3.67701
-3.64661
-3.61611
-3.58551
-3.55479
-3.52397
-3.49303
-3.46199
-3.43083
-3.39957
-3.36819
-3.3367
-3.3051
-3.27339
-3.24156
-3.20962
-3.17756
-3.14539
-3.1131
-3.08069
-3.04817
-3.01553
-2.98277
-2.94989
-2.91689
-2.88376
-2.85052
-2.81716
-2.78367
-2.75006
-2.71633
-2.68247
-2.64848
-2.61437
-2.58013
-2.54576
-2.51127
-2.47664
-2.44189
-2.407
-2.37198
-2.33683
-2.30154
-2.26612
-2.23057
-2.19488
-2.15905
-2.12308
-2.08698
-2.05073
-2.01435
-1.97782
-1.94115
-1.90434
-1.86738
-1.83028
-1.79303
-1.75563
-1.71808
-1.68039
-1.64254
-1.60454
-1.56639
-1.52808
-1.48962
-1.45101
-1.41223
-1.3733
-1.33421
-1.29496
-1.25554
-1.21596
-1.17622
-1.13631
-1.09624
-1.056
-1.01558
-0.974999
-0.934244
-0.893315
-0.852211
-0.810931
-0.769474
-0.727837
-0.686021
-0.644022
-0.601841
-0.559475
-0.516922
-0.474182
-0.431253
-0.388133
-0.344821
-0.301315
-0.257613
-0.213715
-0.169618
-0.125321
-0.0808217
-0.036119
0.00878907
0.0539041
0.0992279
0.144762
0.190509
0.236469
0.282646
0.32904
0.375653
0.422489
0.469547
0.51683
0.564341
0.612081
0.660051
0.708255
0.756694
0.80537
0.854285
0.903441
0.95284
1.00248
1.05238
1.10252
1.15291
1.20356
1.25446
1.30563
1.35705
1.40873
1.46068
1.5129
1.56539
1.61815
1.67119
1.7245
1.77809
1.83196
1.88612
1.94056
1.9953
2.05032
2.10564
2.16125
2.21717
2.27339
2.32991
2.38673
2.44387
2.50132
2.55908
2.61717
2.67557
2.73429
2.79334
2.85272
2.91243
2.97247
3.03285
3.09357
3.15463
3.21603
3.27778
3.33988
3.40233
3.46514
3.52831
3.59184
3.65573
3.71998
3.78461
3.8496
3.91497
3.98072
4.04684
4.11335
4.18024
4.24751
4.31517
4.38323
4.45168
4.52052
4.58976
4.6594
4.72944
4.79988
4.87073
4.94198
5.01365
5.08572
5.1582
5.2311
5.30441
5.37813
5.45227
5.52682
5.60179
5.67717
5.75297
5.82919
5.90582
5.98287
6.06033
6.13821
6.21649
6.29518
6.37429
6.45379
6.53371
6.61402
6.69472
6.77582
6.85731
6.93918
7.02144
7.10406
7.18706
7.27042
7.35413
7.43819
7.52259
7.60733
7.69239
7.77776
7.86344
7.94941
8.03567
8.1222
8.20899
8.29603
8.38329
8.47078
8.55848
8.64636
8.73441
8.82263
8.91097
8.99944
9.08801
9.17666
9.26538
9.35413
9.4429
9.53166
9.62039
9.70908
9.79768
9.88618
9.97455
10.0628
10.1508
10.2386
10.3262
10.4135
10.5005
10.5871
10.6734
10.7593
10.8448
10.9298
11.0143
11.0983
11.1817
11.2645
11.3466
11.4281
11.5089
11.5889
11.6682
11.7466
11.8242
11.9008
11.9766
12.0513
12.1251
12.1978
12.2694
12.3399
12.4093
12.4774
12.5444
12.61
12.6744
12.7374
12.7991
12.8594
12.9182
12.9756
13.0314
13.0857
13.1385
13.1897
13.2393
13.2872
13.3335
13.3781
13.4209
13.462
13.5014
13.539
13.5748
13.6088
13.6409
13.6712
13.6997
13.7263
13.751
13.7738
13.7947
13.8138
13.8309
13.8462
