2048 1 1
3.13501e-10 2.21679e-10 3.13501e-10
-9.3271e+10
-8.08446e+10
-6.84289e+10
-5.60341e+10
-4.36701e+10
-3.1347e+10
-1.90747e+10
-6.86285e+09
5.27869e+09
1.73404e+10
2.93128e+10
4.11867e+10
5.2953e+10
6.46028e+10
7.61273e+10
8.75183e+10
9.87673e+10
1.09867e+11
1.20808e+11
1.31585e+11
1.42189e+11
1.52615e+11
1.62855e+11
1.72904e+11
1.82754e+11
1.92402e+11
2.01841e+11
2.11067e+11
2.20075e+11
2.28861e+11
2.37421e+11
2.45751e+11
2.53849e+11
2.61712e+11
2.69336e+11
2.76721e+11
2.83864e+11
2.90764e+11
2.9742e+11
3.03831e+11
3.09997e+11
3.15917e+11
3.21592e+11
3.27022e+11
3.32208e+11
3.37152e+11
3.41854e+11
3.46316e+11
3.50541e+11
3.5453e+11
3.58286e+11
3.61811e+11
3.65109e+11
3.68182e+11
3.71034e+11
3.73667e+11
3.76087e+11
3.78296e+11
3.80298e+11
3.82098e+11
3.83699e+11
3.85106e+11
3.86324e+11
3.87356e+11
3.88208e+11
3.88883e+11
3.89388e+11
3.89726e+11
3.89901e+11
3.8992e+11
3.89787e+11
3.89507e+11
3.89083e+11
3.88523e+11
3.87829e+11
3.87007e+11
3.86062e+11
3.84998e+11
3.83819e+11
3.82532e+11
3.81139e+11
3.79647e+11
3.78058e+11
3.76377e+11
3.74609e+11
3.72758e+11
3.70827e+11
3.68822e+11
3.66745e+11
3.64601e+11
3.62394e+11
3.60126e+11
3.57801e+11
3.55424e+11
3.52997e+11
3.50524e+11
3.48007e+11
3.45449e+11
3.42855e+11
3.40225e+11
3.37564e+11
3.34874e+11
3.32157e+11
3.29415e+11
3.26652e+11
3.23869e+11
3.21068e+11
3.18252e+11
3.15423e+11
3.12581e+11
3.0973e+11
3.06871e+11
3.04005e+11
3.01134e+11
2.98259e+11
2.95382e+11
2.92505e+11
2.89628e+11
2.86752e+11
2.8388e+11
2.81011e+11
2.78146e+11
2.75288e+11
2.72436e+11
2.69591e+11
2.66754e+11
2.63927e+11
2.61109e+11
2.58301e+11
2.55503e+11
2.52717e+11
2.49943e+11
2.47181e+11
2.44432e+11
2.41695e+11
2.38972e+11
2.36263e+11
2.33567e+11
2.30886e+11
2.28219e+11
2.25567e+11
2.2293e+11
2.20308e+11
2.17701e+11
2.15109e+11
2.12533e+11
2.09972e+11
2.07427e+11
2.04897e+11
2.02383e+11
1.99885e+11
1.97402e+11
1.94935e+11
1.92483e+11
1.90047e+11
1.87627e+11
1.85222e+11
1.82833e+11
1.80459e+11
1.781e+11
1.75757e+11
1.73429e+11
1.71115e+11
1.68817e+11
1.66534e+11
1.64265e+11
1.62011e+11
1.59772e+11
1.57547e+11
1.55336e+11
1.5314e+11
1.50957e+11
1.48788e+11
1.46633e+11
1.44492e+11
1.42364e+11
1.4025e+11
1.38148e+11
1.3606e+11
1.33984e+11
1.31921e+11
1.29871e+11
1.27833e+11
1.25807e+11
1.23793e+11
1.21792e+11
1.19802e+11
1.17823e+11
1.15856e+11
1.13901e+11
1.11956e+11
1.10022e+11
1.08099e+11
1.06187e+11
1.04285e+11
1.02394e+11
1.00512e+11
9.86408e+10
9.67791e+10
9.49269e+10
9.30843e+10
9.12508e+10
8.94265e+10
8.76112e+10
8.58046e+10
8.40066e+10
8.22171e+10
8.04358e+10
7.86626e+10
7.68973e+10
7.51398e+10
7.33899e+10
7.16475e+10
6.99123e+10
6.81842e+10
6.6463e+10
6.47485e+10
6.30407e+10
6.13393e+10
5.96441e+10
5.7955e+10
5.62719e+10
5.45945e+10
5.29227e+10
5.12563e+10
4.95951e+10
4.79391e+10
4.62879e+10
4.46416e+10
4.29998e+10
4.13624e+10
3.97293e+10
3.81003e+10
3.64752e+10
3.48539e+10
3.32361e+10
3.16218e+10
3.00108e+10
2.84028e+10
2.67978e+10
2.51956e+10
2.3596e+10
2.19988e+10
2.04039e+10
1.88111e+10
1.72202e+10
1.56312e+10
1.40437e+10
1.24577e+10
1.0873e+10
9.28944e+09
7.70683e+09
6.12501e+09
4.54384e+09
2.96313e+09
1.38273e+09
-1.9753e+08
-1.77781e+09
-3.35827e+09
-4.93908e+09
-6.5204e+09
-8.1024e+09
-9.68524e+09
-1.12691e+10
-1.28541e+10
-1.44404e+10
-1.60283e+10
-1.76178e+10
-1.92091e+10
-2.08024e+10
-2.23979e+10
-2.39957e+10
-2.55959e+10
-2.71988e+10
-2.88046e+10
-3.04133e+10
-3.20251e+10
-3.36402e+10
-3.52589e+10
-3.68811e+10
-3.85072e+10
-4.01372e+10
-4.17713e+10
-4.34098e+10
-4.50527e+10
-4.67003e+10
-4.83526e+10
-5.00099e+10
-5.16724e+10
-5.33401e+10
-5.50133e+10
-5.66921e+10
-5.83767e+10
-6.00673e+10
-6.1764e+10
-6.3467e+10
-6.51765e+10
-6.68926e+10
-6.86155e+10
-7.03454e+10
-7.20824e+10
-7.38267e+10
-7.55785e+10
-7.73379e+10
-7.91051e+10
-8.08803e+10
-8.26637e+10
-8.44553e+10
-8.62554e+10
-8.80642e+10
-8.98818e+10
-9.17083e+10
-9.35441e+10
-9.53891e+10
-9.72436e+10
-9.91078e+10
-1.00982e+11
-1.02866e+11
-1.0476e+11
-1.06664e+11
-1.08579e+11
-1.10505e+11
-1.12441e+11
-1.14388e+11
-1.16347e+11
-1.18317e+11
-1.20298e+11
-1.22291e+11
-1.24296e+11
-1.26312e+11
-1.28341e+11
-1.30382e+11
-1.32436e+11
-1.34502e+11
-1.36581e+11
-1.38672e+11
-1.40777e+11
-1.42895e+11
-1.45026e+11
-1.47171e+11
-1.49329e+11
-1.51501e+11
-1.53687e+11
-1.55888e+11
-1.58102e+11
-1.6033e+11
-1.62574e+11
-1.64831e+11
-1.67103e+11
-1.6939e+11
-1.71692e+11
-1.74009e+11
-1.76341e+11
-1.78688e+11
-1.81051e+11
-1.83429e+11
-1.85822e+11
-1.88231e+11
-1.90655e+11
-1.93095e+11
-1.9555e+11
-1.98021e+11
-2.00508e+11
-2.0301e+11
-2.05528e+11
-2.08062e+11
-2.10611e+11
-2.13176e+11
-2.15756e+11
-2.18351e+11
-2.20962e+11
-2.23588e+11
-2.26229e+11
-2.28885e+11
-2.31555e+11
-2.3424e+11
-2.36939e+11
-2.39652e+11
-2.42378e+11
-2.45118e+11
-2.4787e+11
-2.50636e+11
-2.53413e+11
-2.56202e+11
-2.59002e+11
-2.61812e+11
-2.64633e+11
-2.67463e+11
-2.70301e+11
-2.73148e+11
-2.76002e+11
-2.78862e+11
-2.81727e+11
-2.84597e+11
-2.87471e+11
-2.90347e+11
-2.93224e+11
-2.96102e+11
-2.98978e+11
-3.01852e+11
-3.04722e+11
-3.07586e+11
-3.10444e+11
-3.13293e+11
-3.16131e+11
-3.18958e+11
-3.2177e+11
-3.24567e+11
-3.27345e+11
-3.30103e+11
-3.32838e+11
-3.35549e+11
-3.38232e+11
-3.40886e+11
-3.43507e+11
-3.46092e+11
-3.4864e+11
-3.51146e+11
-3.53608e+11
-3.56023e+11
-3.58388e+11
-3.60698e+11
-3.62951e+11
-3.65143e+11
-3.67271e+11
-3.6933e+11
-3.71317e+11
-3.73228e+11
-3.75059e+11
-3.76806e+11
-3.78464e+11
-3.80029e+11
-3.81497e+11
-3.82864e+11
-3.84124e+11
-3.85274e+11
-3.86309e+11
-3.87224e+11
-3.88014e+11
-3.88675e+11
-3.89202e+11
-3.8959e+11
-3.89835e+11
-3.8993e+11
-3.89872e+11
-3.89656e+11
-3.89277e+11
-3.88731e+11
-3.88011e+11
-3.87115e+11
-3.86037e+11
-3.84772e+11
-3.83317e+11
-3.81667e+11
-3.79817e+11
-3.77763e+11
-3.75502e+11
-3.73029e+11
-3.70341e+11
-3.67435e+11
-3.64306e+11
-3.60952e+11
-3.57369e+11
-3.53555e+11
-3.49507e+11
-3.45223e+11
-3.40701e+11
-3.35938e+11
-3.30934e+11
-3.25687e+11
-3.20196e+11
-3.1446e+11
-3.08478e+11
-3.02251e+11
-2.95779e+11
-2.89062e+11
-2.82101e+11
-2.74898e+11
-2.67453e+11
-2.59768e+11
-2.51847e+11
-2.4369e+11
-2.35302e+11
-2.26685e+11
-2.17844e+11
-2.08781e+11
-1.99501e+11
-1.90009e+11
-1.8031e+11
-1.7041e+11
-1.60313e+11
-1.50026e+11
-1.39555e+11
-1.28907e+11
-1.18088e+11
-1.07106e+11
-9.59688e+10
-8.46835e+10
-7.32584e+10
-6.17017e+10
-5.0022e+10
-3.8228e+10
-2.63286e+10
-1.4333e+10
-2.25042e+09
9.90959e+09
2.21375e+10
3.44234e+10
4.67577e+10
5.91303e+10
7.15313e+10
8.39505e+10
9.63781e+10
1.08804e+11
1.21217e+11
1.33609e+11
1.45969e+11
1.58286e+11
1.70552e+11
1.82756e+11
1.94889e+11
2.0694e+11
2.18902e+11
2.30764e+11
2.42517e+11
2.54153e+11
2.65663e+11
2.77039e+11
2.88272e+11
2.99355e+11
3.10279e+11
3.21038e+11
3.31625e+11
3.42032e+11
3.52253e+11
3.62283e+11
3.72115e+11
3.81743e+11
3.91163e+11
4.00371e+11
4.0936e+11
4.18128e+11
4.2667e+11
4.34983e+11
4.43064e+11
4.50911e+11
4.5852e+11
4.65891e+11
4.7302e+11
4.79908e+11
4.86553e+11
4.92953e+11
4.9911e+11
5.05023e+11
5.10692e+11
5.16117e+11
5.21301e+11
5.26243e+11
5.30946e+11
5.35411e+11
5.3964e+11
5.43635e+11
5.47399e+11
5.50934e+11
5.54244e+11
5.57332e+11
5.602e+11
5.62853e+11
5.65293e+11
5.67526e+11
5.69554e+11
5.71382e+11
5.73014e+11
5.74454e+11
5.75707e+11
5.76777e+11
5.7767e+11
5.78389e+11
5.78939e+11
5.79325e+11
5.79552e+11
5.79624e+11
5.79547e+11
5.79325e+11
5.78963e+11
5.78467e+11
5.77839e+11
5.77086e+11
5.76213e+11
5.75223e+11
5.74122e+11
5.72914e+11
5.71603e+11
5.70195e+11
5.68693e+11
5.67102e+11
5.65426e+11
5.63669e+11
5.61836e+11
5.5993e+11
5.57955e+11
5.55915e+11
5.53814e+11
5.51655e+11
5.49442e+11
5.47179e+11
5.44868e+11
5.42512e+11
5.40116e+11
5.37681e+11
5.35212e+11
5.32709e+11
5.30178e+11
5.27619e+11
5.25035e+11
5.2243e+11
5.19804e+11
5.17161e+11
5.14503e+11
5.11831e+11
5.09147e+11
5.06454e+11
5.03753e+11
5.01046e+11
4.98334e+11
4.95619e+11
4.92903e+11
4.90186e+11
4.87471e+11
4.84757e+11
4.82048e+11
4.79343e+11
4.76644e+11
4.73951e+11
4.71266e+11
4.68589e+11
4.65922e+11
4.63265e+11
4.60618e+11
4.57983e+11
4.5536e+11
4.5275e+11
4.50153e+11
4.47569e+11
4.44999e+11
4.42444e+11
4.39904e+11
4.37379e+11
4.3487e+11
4.32377e+11
4.29899e+11
4.27439e+11
4.24994e+11
4.22567e+11
4.20157e+11
4.17763e+11
4.15387e+11
4.13029e+11
4.10687e+11
4.08364e+11
4.06058e+11
4.03769e+11
4.01498e+11
3.99245e+11
3.9701e+11
3.94792e+11
3.92592e+11
3.9041e+11
3.88246e+11
3.86099e+11
3.83969e+11
3.81857e+11
3.79763e+11
3.77686e+11
3.75626e+11
3.73583e+11
3.71558e+11
3.69549e+11
3.67558e+11
3.65583e+11
3.63625e+11
3.61684e+11
3.59759e+11
3.57851e+11
3.55959e+11
3.54084e+11
3.52224e+11
3.5038e+11
3.48552e+11
3.4674e+11
3.44944e+11
3.43163e+11
3.41397e+11
3.39647e+11
3.37911e+11
3.36191e+11
3.34485e+11
3.32794e+11
3.31118e+11
3.29456e+11
3.27809e+11
3.26175e+11
3.24556e+11
3.2295e+11
3.21359e+11
3.19781e+11
3.18216e+11
3.16665e+11
3.15127e+11
3.13603e+11
3.12091e+11
3.10592e+11
3.09106e+11
3.07632e+11
3.06171e+11
3.04723e+11
3.03286e+11
3.01862e+11
3.00449e+11
2.99049e+11
2.9766e+11
2.96283e+11
2.94917e+11
2.93563e+11
2.92219e+11
2.90887e+11
2.89566e+11
2.88256e+11
2.86956e+11
2.85667e+11
2.84389e+11
2.83121e+11
2.81863e+11
2.80615e+11
2.79378e+11
2.7815e+11
2.76932e+11
2.75724e+11
2.74525e+11
2.73336e+11
2.72157e+11
2.70986e+11
2.69825e+11
2.68672e+11
2.67529e+11
2.66394e+11
2.65268e+11
2.64151e+11
2.63042e+11
2.61942e+11
2.6085e+11
2.59766e+11
2.58691e+11
2.57623e+11
2.56563e+11
2.55511e+11
2.54467e+11
2.5343e+11
2.52401e+11
2.5138e+11
2.50366e+11
2.49359e+11
2.48359e+11
2.47366e+11
2.4638e+11
2.45401e+11
2.44429e+11
2.43464e+11
2.42506e+11
2.41554e+11
2.40608e+11
2.39669e+11
2.38736e+11
2.37809e+11
2.36889e+11
2.35975e+11
2.35066e+11
2.34164e+11
2.33267e+11
2.32377e+11
2.31492e+11
2.30612e+11
2.29738e+11
2.2887e+11
2.28007e+11
2.2715e+11
2.26297e+11
2.2545e+11
2.24609e+11
2.23772e+11
2.2294e+11
2.22113e+11
2.21291e+11
2.20474e+11
2.19662e+11
2.18854e+11
2.18051e+11
2.17253e+11
2.16459e+11
2.15669e+11
2.14884e+11
2.14104e+11
2.13327e+11
2.12555e+11
2.11787e+11
2.11023e+11
2.10264e+11
2.09508e+11
2.08756e+11
2.08008e+11
2.07264e+11
2.06524e+11
2.05788e+11
2.05055e+11
2.04326e+11
2.03601e+11
2.02879e+11
2.02161e+11
2.01446e+11
2.00735e+11
2.00027e+11
1.99323e+11
1.98622e+11
1.97924e+11
1.97229e+11
1.96538e+11
1.95849e+11
1.95164e+11
1.94482e+11
1.93803e+11
1.93127e+11
1.92453e+11
1.91783e+11
1.91116e+11
1.90451e+11
1.8979e+11
1.89131e+11
1.88475e+11
1.87821e+11
1.8717e+11
1.86522e+11
1.85876e+11
1.85233e+11
1.84593e+11
1.83955e+11
1.8332e+11
1.82687e+11
1.82056e+11
1.81428e+11
1.80802e+11
1.80179e+11
1.79557e+11
1.78939e+11
1.78322e+11
1.77708e+11
1.77095e+11
1.76485e+11
1.75877e+11
1.75272e+11
1.74668e+11
1.74066e+11
1.73467e+11
1.72869e+11
1.72274e+11
1.7168e+11
1.71089e+11
1.70499e+11
1.69911e+11
1.69326e+11
1.68742e+11
1.6816e+11
1.67579e+11
1.67001e+11
1.66424e+11
1.65849e+11
1.65276e+11
1.64705e+11
1.64135e+11
1.63567e+11
1.63001e+11
1.62436e+11
1.61873e+11
1.61312e+11
1.60752e+11
1.60194e+11
1.59637e+11
1.59082e+11
1.58529e+11
1.57977e+11
1.57426e+11
1.56877e+11
1.5633e+11
1.55784e+11
1.55239e+11
1.54696e+11
1.54154e+11
1.53614e+11
1.53075e+11
1.52538e+11
1.52002e+11
1.51467e+11
1.50934e+11
1.50401e+11
1.49871e+11
1.49341e+11
1.48813e+11
1.48286e+11
1.47761e+11
1.47237e+11
1.46713e+11
1.46192e+11
1.45671e+11
1.45152e+11
1.44634e+11
1.44117e+11
1.43601e+11
1.43087e+11
1.42573e+11
1.42061e+11
1.4155e+11
1.4104e+11
1.40531e+11
1.40024e+11
1.39517e+11
1.39012e+11
1.38508e+11
1.38004e+11
1.37502e+11
1.37001e+11
1.36501e+11
1.36002e+11
1.35505e+11
1.35008e+11
1.34512e+11
1.34017e+11
1.33524e+11
1.33031e+11
1.32539e+11
1.32049e+11
1.31559e+11
1.3107e+11
1.30583e+11
1.30096e+11
1.2961e+11
1.29126e+11
1.28642e+11
1.28159e+11
1.27677e+11
1.27196e+11
1.26716e+11
1.26237e+11
1.25759e+11
1.25282e+11
1.24805e+11
1.2433e+11
1.23855e+11
1.23382e+11
1.22909e+11
1.22437e+11
1.21966e+11
1.21496e+11
1.21027e+11
1.20559e+11
1.20092e+11
1.19625e+11
1.19159e+11
1.18694e+11
1.1823e+11
1.17767e+11
1.17305e+11
1.16843e+11
1.16383e+11
1.15923e+11
1.15464e+11
1.15006e+11
1.14548e+11
1.14092e+11
1.13636e+11
1.13181e+11
1.12727e+11
1.12273e+11
1.11821e+11
1.11369e+11
1.10918e+11
1.10468e+11
1.10018e+11
1.09569e+11
1.09122e+11
1.08674e+11
1.08228e+11
1.07782e+11
1.07337e+11
1.06893e+11
1.0645e+11
1.06007e+11
1.05565e+11
1.05124e+11
1.04684e+11
1.04244e+11
1.03805e+11
1.03367e+11
1.0293e+11
1.02493e+11
1.02057e+11
1.01621e+11
1.01187e+11
1.00753e+11
1.0032e+11
9.98871e+10
9.94553e+10
9.90242e+10
9.85937e+10
9.8164e+10
9.7735e+10
9.73066e+10
9.6879e+10
9.6452e+10
9.60256e+10
9.56e+10
9.5175e+10
9.47508e+10
9.43271e+10
9.39042e+10
9.34819e+10
9.30602e+10
9.26392e+10
9.22189e+10
9.17992e+10
9.13802e+10
9.09618e+10
9.05441e+10
9.0127e+10
8.97105e+10
8.92947e+10
8.88795e+10
8.84649e+10
8.8051e+10
8.76377e+10
8.7225e+10
8.6813e+10
8.64015e+10
8.59907e+10
8.55805e+10
8.51709e+10
8.47619e+10
8.43535e+10
8.39457e+10
8.35385e+10
8.31319e+10
8.27259e+10
8.23206e+10
8.19157e+10
8.15115e+10
8.11079e+10
8.07049e+10
8.03024e+10
7.99005e+10
7.94992e+10
7.90985e+10
7.86983e+10
7.82987e+10
7.78997e+10
7.75013e+10
7.71034e+10
7.6706e+10
7.63093e+10
7.59131e+10
7.55174e+10
7.51223e+10
7.47277e+10
7.43337e+10
7.39402e+10
7.35473e+10
7.31549e+10
7.2763e+10
7.23717e+10
7.19809e+10
7.15906e+10
7.12009e+10
7.08117e+10
7.0423e+10
7.00348e+10
6.96471e+10
6.926e+10
6.88734e+10
6.84872e+10
6.81016e+10
6.77165e+10
6.73319e+10
6.69478e+10
6.65642e+10
6.61811e+10
6.57985e+10
6.54163e+10
6.50347e+10
6.46535e+10
6.42729e+10
6.38927e+10
6.3513e+10
6.31337e+10
6.2755e+10
6.23767e+10
6.19989e+10
6.16215e+10
6.12446e+10
6.08682e+10
6.04922e+10
6.01167e+10
5.97417e+10
5.9367e+10
5.89929e+10
5.86192e+10
5.82459e+10
5.78731e+10
5.75007e+10
5.71288e+10
5.67573e+10
5.63862e+10
5.60155e+10
5.56453e+10
5.52755e+10
5.49061e+10
5.45372e+10
5.41686e+10
5.38005e+10
5.34328e+10
5.30655e+10
5.26986e+10
5.23321e+10
5.1966e+10
5.16004e+10
5.12351e+10
5.08702e+10
5.05057e+10
5.01416e+10
4.97778e+10
4.94145e+10
4.90516e+10
4.8689e+10
4.83268e+10
4.7965e+10
4.76035e+10
4.72424e+10
4.68817e+10
4.65214e+10
4.61614e+10
4.58018e+10
4.54425e+10
4.50836e+10
4.4725e+10
4.43668e+10
4.40089e+10
4.36514e+10
4.32942e+10
4.29374e+10
4.25809e+10
4.22247e+10
4.18689e+10
4.15134e+10
4.11582e+10
4.08033e+10
4.04488e+10
4.00946e+10
3.97407e+10
3.93871e+10
3.90338e+10
3.86808e+10
3.83282e+10
3.79758e+10
3.76238e+10
3.7272e+10
3.69205e+10
3.65694e+10
3.62185e+10
3.58679e+10
3.55176e+10
3.51675e+10
3.48178e+10
3.44683e+10
3.41191e+10
3.37702e+10
3.34215e+10
3.30731e+10
3.2725e+10
3.23771e+10
3.20295e+10
3.16822e+10
3.13351e+10
3.09882e+10
3.06416e+10
3.02953e+10
2.99492e+10
2.96033e+10
2.92577e+10
2.89123e+10
2.85671e+10
2.82222e+10
2.78774e+10
2.7533e+10
2.71887e+10
2.68446e+10
2.65008e+10
2.61572e+10
2.58138e+10
2.54706e+10
2.51276e+10
2.47848e+10
2.44422e+10
2.40998e+10
2.37576e+10
2.34156e+10
2.30738e+10
2.27322e+10
2.23907e+10
2.20495e+10
2.17084e+10
2.13675e+10
2.10267e+10
2.06862e+10
2.03458e+10
2.00055e+10
1.96654e+10
1.93255e+10
1.89858e+10
1.86462e+10
1.83067e+10
1.79674e+10
1.76283e+10
1.72892e+10
1.69504e+10
1.66116e+10
1.6273e+10
1.59346e+10
1.55962e+10
1.5258e+10
1.49199e+10
1.4582e+10
1.42441e+10
1.39064e+10
1.35688e+10
1.32313e+10
1.28939e+10
1.25566e+10
1.22194e+10
1.18823e+10
1.15453e+10
1.12084e+10
1.08716e+10
1.05349e+10
1.01983e+10
9.86172e+09
9.52525e+09
9.18886e+09
8.85255e+09
8.51631e+09
8.18013e+09
7.84403e+09
7.50798e+09
7.172e+09
6.83608e+09
6.50022e+09
6.1644e+09
5.82864e+09
5.49293e+09
5.15726e+09
4.82163e+09
4.48604e+09
4.15049e+09
3.81497e+09
3.47949e+09
3.14403e+09
2.8086e+09
2.47319e+09
2.1378e+09
1.80243e+09
1.46708e+09
1.13173e+09
7.96399e+08
4.61071e+08
1.25746e+08
-2.09577e+08
-5.44902e+08
-8.80232e+08
-1.21557e+09
-1.55091e+09
-1.88627e+09
-2.22165e+09
-2.55704e+09
-2.89246e+09
-3.22789e+09
-3.56336e+09
-3.89885e+09
-4.23438e+09
-4.56994e+09
-4.90553e+09
-5.24117e+09
-5.57685e+09
-5.91258e+09
-6.24835e+09
-6.58418e+09
-6.92006e+09
-7.25599e+09
-7.59199e+09
-7.92805e+09
-8.26417e+09
-8.60036e+09
-8.93662e+09
-9.27295e+09
-9.60936e+09
-9.94585e+09
-1.02824e+10
-1.06191e+10
-1.09558e+10
-1.12926e+10
-1.16296e+10
-1.19666e+10
-1.23037e+10
-1.26409e+10
-1.29782e+10
-1.33157e+10
-1.36532e+10
-1.39908e+10
-1.43286e+10
-1.46665e+10
-1.50045e+10
-1.53426e+10
-1.56808e+10
-1.60192e+10
-1.63577e+10
-1.66963e+10
-1.70351e+10
-1.7374e+10
-1.7713e+10
-1.80522e+10
-1.83916e+10
-1.87311e+10
-1.90707e+10
-1.94105e+10
-1.97504e+10
-2.00906e+10
-2.04308e+10
-2.07713e+10
-2.11119e+10
-2.14527e+10
-2.17936e+10
-2.21348e+10
-2.24761e+10
-2.28176e+10
-2.31592e+10
-2.35011e+10
-2.38432e+10
-2.41854e+10
-2.45278e+10
-2.48705e+10
-2.52133e+10
-2.55564e+10
-2.58996e+10
-2.62431e+10
-2.65868e+10
-2.69306e+10
-2.72747e+10
-2.76191e+10
-2.79636e+10
-2.83084e+10
-2.86534e+10
-2.89986e+10
-2.9344e+10
-2.96897e+10
-3.00357e+10
-3.03818e+10
-3.07283e+10
-3.10749e+10
-3.14218e+10
-3.1769e+10
-3.21164e+10
-3.24641e+10
-3.2812e+10
-3.31602e+10
-3.35087e+10
-3.38574e+10
-3.42064e+10
-3.45556e+10
-3.49052e+10
-3.5255e+10
-3.56051e+10
-3.59555e+10
-3.63062e+10
-3.66571e+10
-3.70084e+10
-3.73599e+10
-3.77117e+10
-3.80639e+10
-3.84163e+10
-3.87691e+10
-3.91221e+10
-3.94755e+10
-3.98291e+10
-4.01831e+10
-4.05374e+10
-4.0892e+10
-4.1247e+10
-4.16022e+10
-4.19578e+10
-4.23137e+10
-4.267e+10
-4.30266e+10
-4.33835e+10
-4.37408e+10
-4.40984e+10
-4.44563e+10
-4.48146e+10
-4.51733e+10
-4.55323e+10
-4.58916e+10
-4.62513e+10
-4.66114e+10
-4.69719e+10
-4.73327e+10
-4.76938e+10
-4.80554e+10
-4.84173e+10
-4.87796e+10
-4.91423e+10
-4.95053e+10
-4.98687e+10
-5.02326e+10
-5.05968e+10
-5.09614e+10
-5.13264e+10
-5.16917e+10
-5.20575e+10
-5.24237e+10
-5.27903e+10
-5.31573e+10
-5.35247e+10
-5.38925e+10
-5.42607e+10
-5.46294e+10
-5.49984e+10
-5.53679e+10
-5.57378e+10
-5.61081e+10
-5.64789e+10
-5.68501e+10
-5.72217e+10
-5.75938e+10
-5.79663e+10
-5.83392e+10
-5.87126e+10
-5.90864e+10
-5.94607e+10
-5.98354e+10
-6.02105e+10
-6.05862e+10
-6.09623e+10
-6.13388e+10
-6.17158e+10
-6.20933e+10
-6.24712e+10
-6.28496e+10
-6.32285e+10
-6.36079e+10
-6.39877e+10
-6.4368e+10
-6.47488e+10
-6.51301e+10
-6.55118e+10
-6.58941e+10
-6.62768e+10
-6.666e+10
-6.70438e+10
-6.7428e+10
-6.78127e+10
-6.8198e+10
-6.85837e+10
-6.897e+10
-6.93567e+10
-6.9744e+10
-7.01318e+10
-7.05201e+10
-7.09089e+10
-7.12983e+10
-7.16881e+10
-7.20785e+10
-7.24695e+10
-7.28609e+10
-7.32529e+10
-7.36455e+10
-7.40385e+10
-7.44321e+10
-7.48263e+10
-7.5221e+10
-7.56163e+10
-7.60121e+10
-7.64084e+10
-7.68053e+10
-7.72028e+10
-7.76008e+10
-7.79994e+10
-7.83986e+10
-7.87983e+10
-7.91986e+10
-7.95995e+10
-8.00009e+10
-8.0403e+10
-8.08056e+10
-8.12088e+10
-8.16125e+10
-8.20169e+10
-8.24218e+10
-8.28274e+10
-8.32335e+10
-8.36403e+10
-8.40476e+10
-8.44555e+10
-8.48641e+10
-8.52732e+10
-8.5683e+10
-8.60933e+10
-8.65043e+10
-8.69159e+10
-8.73281e+10
-8.7741e+10
-8.81544e+10
-8.85685e+10
-8.89832e+10
-8.93986e+10
-8.98146e+10
-9.02312e+10
-9.06484e+10
-9.10663e+10
-9.14849e+10
-9.19041e+10
-9.23239e+10
-9.27444e+10
-9.31656e+10
-9.35874e+10
-9.40098e+10
-9.4433e+10
-9.48568e+10
-9.52812e+10
-9.57064e+10
-9.61322e+10
-9.65586e+10
-9.69858e+10
-9.74136e+10
-9.78422e+10
-9.82714e+10
-9.87013e+10
-9.91319e+10
-9.95632e+10
-9.99952e+10
-1.00428e+11
-1.00861e+11
-1.01295e+11
-1.0173e+11
-1.02166e+11
-1.02602e+11
-1.03039e+11
-1.03477e+11
-1.03915e+11
-1.04354e+11
-1.04794e+11
-1.05235e+11
-1.05676e+11
-1.06118e+11
-1.06561e+11
-1.07004e+11
-1.07449e+11
-1.07894e+11
-1.0834e+11
-1.08786e+11
-1.09233e+11
-1.09682e+11
-1.1013e+11
-1.1058e+11
-1.11031e+11
-1.11482e+11
-1.11934e+11
-1.12387e+11
-1.1284e+11
-1.13295e+11
-1.1375e+11
-1.14206e+11
-1.14662e+11
-1.1512e+11
-1.15578e+11
-1.16038e+11
-1.16498e+11
-1.16959e+11
-1.1742e+11
-1.17883e+11
-1.18346e+11
-1.1881e+11
-1.19276e+11
-1.19741e+11
-1.20208e+11
-1.20676e+11
-1.21144e+11
-1.21614e+11
-1.22084e+11
-1.22555e+11
-1.23027e+11
-1.235e+11
-1.23974e+11
-1.24449e+11
-1.24924e+11
-1.25401e+11
-1.25878e+11
-1.26357e+11
-1.26836e+11
-1.27316e+11
-1.27797e+11
-1.2828e+11
-1.28763e+11
-1.29247e+11
-1.29732e+11
-1.30218e+11
-1.30705e+11
-1.31192e+11
-1.31681e+11
-1.32171e+11
-1.32662e+11
-1.33154e+11
-1.33647e+11
-1.34141e+11
-1.34636e+11
-1.35132e+11
-1.35629e+11
-1.36127e+11
-1.36626e+11
-1.37126e+11
-1.37628e+11
-1.3813e+11
-1.38634e+11
-1.39138e+11
-1.39644e+11
-1.40151e+11
-1.40658e+11
-1.41167e+11
-1.41678e+11
-1.42189e+11
-1.42701e+11
-1.43215e+11
-1.4373e+11
-1.44246e+11
-1.44763e+11
-1.45282e+11
-1.45801e+11
-1.46322e+11
-1.46844e+11
-1.47367e+11
-1.47892e+11
-1.48418e+11
-1.48945e+11
-1.49474e+11
-1.50003e+11
-1.50534e+11
-1.51067e+11
-1.516e+11
-1.52136e+11
-1.52672e+11
-1.5321e+11
-1.53749e+11
-1.5429e+11
-1.54832e+11
-1.55375e+11
-1.5592e+11
-1.56466e+11
-1.57014e+11
-1.57564e+11
-1.58114e+11
-1.58667e+11
-1.59221e+11
-1.59776e+11
-1.60333e+11
-1.60892e+11
-1.61452e+11
-1.62014e+11
-1.62577e+11
-1.63142e+11
-1.63709e+11
-1.64277e+11
-1.64847e+11
-1.65419e+11
-1.65993e+11
-1.66568e+11
-1.67145e+11
-1.67724e+11
-1.68305e+11
-1.68887e+11
-1.69472e+11
-1.70058e+11
-1.70646e+11
-1.71236e+11
-1.71829e+11
-1.72423e+11
-1.73019e+11
-1.73617e+11
-1.74217e+11
-1.74819e+11
-1.75423e+11
-1.76029e+11
-1.76638e+11
-1.77248e+11
-1.77861e+11
-1.78476e+11
-1.79093e+11
-1.79713e+11
-1.80334e+11
-1.80958e+11
-1.81585e+11
-1.82214e+11
-1.82845e+11
-1.83478e+11
-1.84114e+11
-1.84753e+11
-1.85394e+11
-1.86038e+11
-1.86684e+11
-1.87333e+11
-1.87984e+11
-1.88638e+11
-1.89295e+11
-1.89955e+11
-1.90617e+11
-1.91282e+11
-1.91951e+11
-1.92622e+11
-1.93295e+11
-1.93972e+11
-1.94652e+11
-1.95335e+11
-1.96021e+11
-1.9671e+11
-1.97402e+11
-1.98098e+11
-1.98797e+11
-1.99499e+11
-2.00204e+11
-2.00913e+11
-2.01625e+11
-2.0234e+11
-2.03059e+11
-2.03782e+11
-2.04508e+11
-2.05238e+11
-2.05972e+11
-2.06709e+11
-2.0745e+11
-2.08195e+11
-2.08944e+11
-2.09697e+11
-2.10453e+11
-2.11214e+11
-2.11979e+11
-2.12748e+11
-2.13521e+11
-2.14298e+11
-2.1508e+11
-2.15866e+11
-2.16657e+11
-2.17452e+11
-2.18251e+11
-2.19056e+11
-2.19864e+11
-2.20678e+11
-2.21496e+11
-2.22319e+11
-2.23147e+11
-2.2398e+11
-2.24819e+11
-2.25662e+11
-2.2651e+11
-2.27364e+11
-2.28222e+11
-2.29087e+11
-2.29956e+11
-2.30832e+11
-2.31712e+11
-2.32599e+11
-2.33491e+11
-2.34389e+11
-2.35293e+11
-2.36203e+11
-2.37119e+11
-2.3804e+11
-2.38969e+11
-2.39903e+11
-2.40844e+11
-2.41791e+11
-2.42745e+11
-2.43705e+11
-2.44672e+11
-2.45645e+11
-2.46626e+11
-2.47614e+11
-2.48608e+11
-2.4961e+11
-2.50618e+11
-2.51634e+11
-2.52658e+11
-2.53689e+11
-2.54727e+11
-2.55773e+11
-2.56827e+11
-2.57889e+11
-2.58959e+11
-2.60036e+11
-2.61122e+11
-2.62216e+11
-2.63319e+11
-2.6443e+11
-2.65549e+11
-2.66677e+11
-2.67814e+11
-2.6896e+11
-2.70114e+11
-2.71278e+11
-2.72451e+11
-2.73633e+11
-2.74824e+11
-2.76025e+11
-2.77236e+11
-2.78456e+11
-2.79686e+11
-2.80926e+11
-2.82177e+11
-2.83437e+11
-2.84708e+11
-2.85989e+11
-2.8728e+11
-2.88582e+11
-2.89895e+11
-2.91219e+11
-2.92554e+11
-2.939e+11
-2.95257e+11
-2.96626e+11
-2.98006e+11
-2.99398e+11
-3.00801e+11
-3.02217e+11
-3.03644e+11
-3.05084e+11
-3.06535e+11
-3.08e+11
-3.09476e+11
-3.10966e+11
-3.12468e+11
-3.13983e+11
-3.15511e+11
-3.17052e+11
-3.18606e+11
-3.20174e+11
-3.21755e+11
-3.2335e+11
-3.24959e+11
-3.26582e+11
-3.28219e+11
-3.2987e+11
-3.31536e+11
-3.33216e+11
-3.3491e+11
-3.36619e+11
-3.38344e+11
-3.40083e+11
-3.41837e+11
-3.43607e+11
-3.45391e+11
-3.47192e+11
-3.49008e+11
-3.5084e+11
-3.52687e+11
-3.54551e+11
-3.56431e+11
-3.58327e+11
-3.60239e+11
-3.62168e+11
-3.64113e+11
-3.66075e+11
-3.68054e+11
-3.7005e+11
-3.72062e+11
-3.74092e+11
-3.76139e+11
-3.78203e+11
-3.80285e+11
-3.82384e+11
-3.845e+11
-3.86634e+11
-3.88785e+11
-3.90954e+11
-3.93141e+11
-3.95345e+11
-3.97567e+11
-3.99807e+11
-4.02064e+11
-4.0434e+11
-4.06632e+11
-4.08943e+11
-4.11271e+11
-4.13617e+11
-4.1598e+11
-4.1836e+11
-4.20758e+11
-4.23172e+11
-4.25604e+11
-4.28052e+11
-4.30517e+11
-4.32999e+11
-4.35496e+11
-4.38009e+11
-4.40538e+11
-4.43082e+11
-4.4564e+11
-4.48213e+11
-4.50801e+11
-4.53401e+11
-4.56015e+11
-4.58641e+11
-4.61279e+11
-4.63928e+11
-4.66588e+11
-4.69258e+11
-4.71937e+11
-4.74624e+11
-4.77318e+11
-4.80019e+11
-4.82725e+11
-4.85435e+11
-4.88149e+11
-4.90865e+11
-4.93582e+11
-4.96298e+11
-4.99012e+11
-5.01723e+11
-5.04429e+11
-5.07128e+11
-5.09819e+11
-5.125e+11
-5.15169e+11
-5.17823e+11
-5.20462e+11
-5.23083e+11
-5.25683e+11
-5.28261e+11
-5.30813e+11
-5.33338e+11
-5.35832e+11
-5.38293e+11
-5.40719e+11
-5.43105e+11
-5.4545e+11
-5.47749e+11
-5.5e+11
-5.522e+11
-5.54345e+11
-5.56431e+11
-5.58455e+11
-5.60413e+11
-5.62301e+11
-5.64116e+11
-5.65853e+11
-5.67508e+11
-5.69077e+11
-5.70556e+11
-5.7194e+11
-5.73226e+11
-5.74407e+11
-5.75481e+11
-5.76442e+11
-5.77286e+11
-5.78008e+11
-5.78603e+11
-5.79067e+11
-5.79394e+11
-5.7958e+11
-5.7962e+11
-5.7951e+11
-5.79244e+11
-5.78817e+11
-5.78225e+11
-5.77463e+11
-5.76527e+11
-5.75411e+11
-5.74112e+11
-5.72624e+11
-5.70943e+11
-5.69066e+11
-5.66987e+11
-5.64703e+11
-5.6221e+11
-5.59503e+11
-5.56581e+11
-5.53438e+11
-5.50072e+11
-5.4648e+11
-5.42658e+11
-5.38604e+11
-5.34317e+11
-5.29793e+11
-5.2503e+11
-5.20028e+11
-5.14784e+11
-5.09297e+11
-5.03568e+11
-4.97594e+11
-4.91376e+11
-4.84914e+11
-4.78209e+11
-4.71261e+11
-4.64071e+11
-4.5664e+11
-4.48971e+11
-4.41066e+11
-4.32926e+11
-4.24556e+11
-4.15957e+11
-4.07133e+11
-3.98089e+11
-3.88828e+11
-3.79355e+11
-3.69676e+11
-3.59794e+11
-3.49716e+11
-3.39447e+11
-3.28995e+11
-3.18364e+11
-3.07563e+11
-2.96599e+11
-2.85478e+11
-2.74208e+11
-2.62798e+11
-2.51256e+11
-2.3959e+11
-2.27808e+11
-2.15921e+11
-2.03936e+11
-1.91863e+11
-1.79711e+11
-1.67491e+11
-1.55211e+11
-1.42882e+11
-1.30514e+11
-1.18116e+11
-1.05698e+11
-9.3271e+10
