2048 1 1
1.91979e-10 5.43e-10 5.43e-10
8.50986
8.5094
8.50801
8.5057
8.50247
8.49832
8.49324
8.48725
8.48034
8.47252
8.46378
8.45414
8.44358
8.43213
8.41978
8.40653
8.3924
8.37737
8.36147
8.34469
8.32704
8.30852
8.28914
8.26892
8.24784
8.22593
8.20318
8.17961
8.15522
8.13002
8.10402
8.07722
8.04964
8.02128
7.99216
7.96227
7.93164
7.90026
7.86816
7.83533
7.80179
7.76756
7.73263
7.69703
7.66075
7.62383
7.58625
7.54804
7.50921
7.46976
7.42972
7.38909
7.34788
7.30611
7.26379
7.22093
7.17754
7.13364
7.08923
7.04434
6.99898
6.95315
6.90687
6.86015
6.81301
6.76546
6.71751
6.66917
6.62047
6.5714
6.522
6.47226
6.4222
6.37184
6.32118
6.27025
6.21906
6.16761
6.11592
6.06401
6.01188
5.95956
5.90705
5.85437
5.80152
5.74853
5.69541
5.64216
5.58881
5.53535
5.48182
5.42821
5.37454
5.32083
5.26708
5.21331
5.15952
5.10574
5.05197
4.99822
4.9445
4.89084
4.83723
4.78368
4.73022
4.67685
4.62357
4.57041
4.51737
4.46446
4.41169
4.35907
4.30661
4.25432
4.2022
4.15028
4.09855
4.04703
3.99572
3.94463
3.89377
3.84316
3.79278
3.74267
3.69281
3.64322
3.59391
3.54488
3.49613
3.44769
3.39955
3.35171
3.30419
3.25699
3.21011
3.16357
3.11736
3.0715
3.02598
2.98081
2.93599
2.89154
2.84745
2.80373
2.76038
2.7174
2.6748
2.63259
2.59076
2.54931
2.50826
2.4676
2.42734
2.38747
2.34801
2.30894
2.27028
2.23203
2.19418
2.15674
2.1197
2.08308
2.04687
2.01107
1.97567
1.9407
1.90613
1.87198
1.83824
1.80491
1.77199
1.73948
1.70739
1.6757
1.64443
1.61356
1.5831
1.55305
1.5234
1.49416
1.46532
1.43687
1.40883
1.38119
1.35394
1.32708
1.30062
1.27454
1.24885
1.22355
1.19863
1.17409
1.14993
1.12614
1.10272
1.07968
1.057
1.03468
1.01273
0.991133
0.969892
0.949004
0.928464
0.908271
0.88842
0.868909
0.849733
0.830891
0.812379
0.794192
0.776329
0.758785
0.741556
0.724641
0.708034
0.691733
0.675733
0.660032
0.644626
0.629511
0.614684
0.600141
0.585878
0.571892
0.558179
0.544736
0.531559
0.518645
0.505989
0.493589
0.48144
0.469539
0.457882
0.446467
0.435289
0.424344
0.41363
0.403143
0.392879
0.382834
0.373006
0.363391
0.353985
0.344785
0.335788
0.32699
0.318388
0.309979
0.301759
0.293725
0.285874
0.278202
0.270707
0.263386
0.256234
0.24925
0.242429
0.23577
0.229269
0.222923
0.216729
0.210684
0.204785
0.19903
0.193416
0.18794
0.182599
0.17739
0.172312
0.16736
0.162533
0.157829
0.153243
0.148775
0.144422
0.14018
0.136049
0.132025
0.128106
0.124289
0.120574
0.116956
0.113435
0.110008
0.106673
0.103428
0.100271
0.0971994
0.0942118
0.0913061
0.0884803
0.0857328
0.0830615
0.0804647
0.0779406
0.0754876
0.0731037
0.0707875
0.0685372
0.0663513
0.0642281
0.0621661
0.0601637
0.0582195
0.0563321
0.0544999
0.0527215
0.0509957
0.049321
0.0476961
0.0461198
0.0445907
0.0431076
0.0416693
0.0402746
0.0389224
0.0376115
0.0363408
0.0351092
0.0339157
0.0327592
0.0316387
0.0305532
0.0295017
0.0284834
0.0274972
0.0265422
0.0256177
0.0247226
0.0238563
0.0230178
0.0222063
0.0214212
0.0206615
0.0199267
0.0192159
0.0185284
0.0178636
0.0172208
0.0165992
0.0159984
0.0154177
0.0148564
0.014314
0.01379
0.0132836
0.0127945
0.012322
0.0118657
0.0114251
0.0109996
0.0105888
0.0101922
0.00980947
0.00944006
0.00908357
0.00873959
0.00840773
0.00808759
0.00777879
0.00748097
0.00719378
0.00691685
0.00664987
0.0063925
0.00614442
0.00590532
0.00567492
0.00545291
0.00523902
0.00503297
0.0048345
0.00464335
0.00445928
0.00428204
0.00411139
0.00394712
0.003789
0.00363682
0.00349037
0.00334946
0.00321388
0.00308346
0.00295801
0.00283736
0.00272133
0.00260976
0.0025025
0.00239938
0.00230026
0.002205
0.00211345
0.00202549
0.00194097
0.00185978
0.00178179
0.00170689
0.00163496
0.00156589
0.00149957
0.00143591
0.0013748
0.00131615
0.00125986
0.00120585
0.00115403
0.00110432
0.00105663
0.00101089
0.000967033
0.000924973
0.000884647
0.000845987
0.000808929
0.00077341
0.00073937
0.000706752
0.000675499
0.000645558
0.000616878
0.000589407
0.000563099
0.000537906
0.000513785
0.000490692
0.000468587
0.000447428
0.000427179
0.000407801
0.000389261
0.000371523
0.000354555
0.000338325
0.000322803
0.000307959
0.000293766
0.000280197
0.000267226
0.000254827
0.000242978
0.000231654
0.000220834
0.000210496
0.000200621
0.000191188
0.000182179
0.000173576
0.000165361
0.000157517
0.000150029
0.000142882
0.000136061
0.000129551
0.000123339
0.000117412
0.000111758
0.000106365
0.000101221
9.63148e-05
9.16369e-05
8.71767e-05
8.29246e-05
7.88713e-05
7.5008e-05
7.13261e-05
6.78177e-05
6.44748e-05
6.129e-05
5.82563e-05
5.53666e-05
5.26146e-05
4.9994e-05
4.74987e-05
4.51231e-05
4.28616e-05
4.07091e-05
3.86604e-05
3.67109e-05
3.48559e-05
3.3091e-05
3.14121e-05
2.98151e-05
2.82963e-05
2.68519e-05
2.54784e-05
2.41726e-05
2.29312e-05
2.17512e-05
2.06297e-05
1.95639e-05
1.85512e-05
1.75889e-05
1.66748e-05
1.58064e-05
1.49817e-05
1.41984e-05
1.34546e-05
1.27484e-05
1.2078e-05
1.14416e-05
1.08375e-05
1.02642e-05
9.7202e-06
9.20401e-06
8.71429e-06
8.24974e-06
7.80909e-06
7.39119e-06
6.99488e-06
6.61911e-06
6.26285e-06
5.92511e-06
5.60498e-06
5.30157e-06
5.01404e-06
4.74159e-06
4.48346e-06
4.23892e-06
4.00728e-06
3.78789e-06
3.58012e-06
3.38338e-06
3.19711e-06
3.02076e-06
2.85383e-06
2.69583e-06
2.5463e-06
2.40481e-06
2.27093e-06
2.14427e-06
2.02446e-06
1.91113e-06
1.80395e-06
1.7026e-06
1.60676e-06
1.51616e-06
1.43051e-06
1.34955e-06
1.27304e-06
1.20073e-06
1.13241e-06
1.06786e-06
1.00687e-06
9.49273e-07
8.9487e-07
8.43493e-07
7.94979e-07
7.49174e-07
7.05931e-07
6.65113e-07
6.26586e-07
5.90227e-07
5.55918e-07
5.23546e-07
4.93005e-07
4.64196e-07
4.37023e-07
4.11396e-07
3.87229e-07
3.64443e-07
3.4296e-07
3.22708e-07
3.0362e-07
2.85629e-07
2.68675e-07
2.527e-07
2.3765e-07
2.23471e-07
2.10115e-07
1.97536e-07
1.8569e-07
1.74536e-07
1.64034e-07
1.54147e-07
1.4484e-07
1.3608e-07
1.27836e-07
1.20079e-07
1.1278e-07
1.05913e-07
9.94534e-08
9.33778e-08
8.76637e-08
8.22904e-08
7.72381e-08
7.24881e-08
6.80228e-08
6.38256e-08
5.98809e-08
5.61739e-08
5.26907e-08
4.94181e-08
4.63437e-08
4.34559e-08
4.07436e-08
3.81964e-08
3.58046e-08
3.35589e-08
3.14507e-08
2.94717e-08
2.76142e-08
2.5871e-08
2.42352e-08
2.27003e-08
2.12604e-08
1.99096e-08
1.86427e-08
1.74544e-08
1.63401e-08
1.52953e-08
1.43158e-08
1.33975e-08
1.25368e-08
1.17301e-08
1.09741e-08
1.02657e-08
9.60197e-09
8.98021e-09
8.39779e-09
7.8523e-09
7.34144e-09
6.86307e-09
6.41517e-09
5.99586e-09
5.60334e-09
5.23595e-09
4.89212e-09
4.57037e-09
4.26932e-09
3.98767e-09
3.72419e-09
3.47774e-09
3.24725e-09
3.0317e-09
2.83016e-09
2.64173e-09
2.46557e-09
2.30092e-09
2.14702e-09
2.0032e-09
1.86881e-09
1.74325e-09
1.62595e-09
1.51637e-09
1.41403e-09
1.31845e-09
1.2292e-09
1.14587e-09
1.06806e-09
9.95439e-10
9.2765e-10
8.64384e-10
8.05345e-10
7.50257e-10
6.98862e-10
6.50916e-10
6.06194e-10
5.64483e-10
5.25585e-10
4.89315e-10
4.55497e-10
4.23972e-10
3.94585e-10
3.67196e-10
3.4167e-10
3.17885e-10
2.95723e-10
2.75075e-10
2.55843e-10
2.37929e-10
2.21244e-10
2.05709e-10
1.91242e-10
1.77774e-10
1.65237e-10
1.53567e-10
1.42705e-10
1.32598e-10
1.23193e-10
1.14443e-10
1.06302e-10
9.87305e-11
9.16869e-11
8.51388e-11
7.90475e-11
7.33846e-11
6.81208e-11
6.3227e-11
5.8678e-11
5.44521e-11
5.05231e-11
4.68734e-11
4.34832e-11
4.03326e-11
3.74062e-11
3.46897e-11
3.2166e-11
2.98226e-11
2.76479e-11
2.56278e-11
2.37522e-11
2.20132e-11
2.03981e-11
1.88997e-11
1.75102e-11
1.62199e-11
1.50235e-11
1.39152e-11
1.28848e-11
1.19307e-11
1.10474e-11
1.0225e-11
9.46521e-12
8.76121e-12
8.10729e-12
7.50278e-12
6.94145e-12
6.4212e-12
5.94158e-12
5.49449e-12
5.08082e-12
4.69991e-12
4.34508e-12
4.01634e-12
3.71347e-12
3.43192e-12
3.17313e-12
2.93332e-12
2.70772e-12
2.50322e-12
2.31248e-12
2.13563e-12
1.97342e-12
1.82321e-12
1.68265e-12
1.55376e-12
1.43485e-12
1.32305e-12
1.22247e-12
1.12765e-12
1.04017e-12
9.60676e-13
8.85958e-13
8.16791e-13
7.54063e-13
6.95444e-13
6.40266e-13
5.91749e-13
5.4623e-13
5.02376e-13
4.64073e-13
4.26659e-13
3.9313e-13
3.63265e-13
3.34843e-13
3.07088e-13
2.84328e-13
2.60347e-13
2.39364e-13
2.22711e-13
2.04392e-13
1.87517e-13
1.73528e-13
1.57208e-13
1.46105e-13
1.3578e-13
1.22458e-13
1.1402e-13
1.06026e-13
9.52571e-14
8.83738e-14
8.19345e-14
7.4829e-14
6.86118e-14
6.37268e-14
5.75096e-14
5.4623e-14
4.86278e-14
4.34097e-14
4.11893e-14
3.89688e-14
3.36398e-14
3.19744e-14
2.93099e-14
2.59792e-14
2.4758e-14
2.19824e-14
2.13163e-14
2.12053e-14
1.84297e-14
1.66533e-14
1.65423e-14
1.42109e-14
1.28786e-14
1.35447e-14
1.08802e-14
8.65974e-15
1.04361e-14
7.54952e-15
8.54872e-15
7.10543e-15
4.996e-15
6.10623e-15
6.32827e-15
3.77476e-15
4.66294e-15
5.10703e-15
3.33067e-15
3.55271e-15
4.55191e-15
2.66454e-15
3.10862e-15
1.55431e-15
1.9984e-15
2.55351e-15
2.44249e-15
1.22125e-15
2.10942e-15
1.55431e-15
7.77156e-16
1.44329e-15
1.33227e-15
9.99201e-16
2.44249e-15
4.44089e-16
1.22125e-15
2.22045e-15
1.88738e-15
1.44329e-15
2.22045e-15
4.44089e-16
1.44329e-15
1.66533e-15
1.44329e-15
1.55431e-15
9.99201e-16
3.33067e-16
1.33227e-15
5.55112e-16
-2.22045e-16
1.11022e-15
7.77156e-16
-4.44089e-16
4.44089e-16
8.88178e-16
-4.44089e-16
5.55112e-16
-2.22045e-16
1.11022e-16
1.33227e-15
6.66134e-16
-2.22045e-16
1.22125e-15
6.66134e-16
0
8.88178e-16
6.66134e-16
5.55112e-16
1.22125e-15
5.55112e-16
1.11022e-15
1.55431e-15
4.44089e-16
3.33067e-16
8.88178e-16
2.22045e-16
5.55112e-16
6.66134e-16
5.55112e-16
1.11022e-15
5.55112e-16
0
7.77156e-16
5.55112e-16
2.22045e-16
1.11022e-15
4.44089e-16
6.66134e-16
1.66533e-15
4.44089e-16
6.66134e-16
3.33067e-16
5.55112e-16
6.66134e-16
1.11022e-15
3.33067e-16
2.22045e-16
5.55112e-16
9.99201e-16
5.55112e-16
9.99201e-16
7.77156e-16
6.66134e-16
4.44089e-16
4.44089e-16
4.44089e-16
4.44089e-16
1.22125e-15
8.88178e-16
6.66134e-16
6.66134e-16
3.33067e-16
5.55112e-16
9.99201e-16
7.77156e-16
5.55112e-16
1.22125e-15
6.66134e-16
6.66134e-16
5.55112e-16
5.55112e-16
9.99201e-16
9.99201e-16
2.22045e-16
4.44089e-16
5.55112e-16
1.33227e-15
5.55112e-16
1.11022e-15
1.11022e-16
2.22045e-16
6.66134e-16
5.55112e-16
6.66134e-16
0
1.11022e-16
4.44089e-16
5.55112e-16
4.44089e-16
3.33067e-16
3.33067e-16
-4.44089e-16
3.33067e-16
-2.22045e-16
6.66134e-16
1.11022e-15
-6.66134e-16
-2.22045e-16
3.33067e-16
5.55112e-16
-6.66134e-16
2.22045e-16
2.22045e-16
-2.22045e-16
6.66134e-16
5.55112e-16
7.77156e-16
2.22045e-16
4.44089e-16
6.66134e-16
1.11022e-15
2.22045e-16
8.88178e-16
4.44089e-16
0
1.11022e-16
5.55112e-16
6.66134e-16
1.22125e-15
0
-6.66134e-16
8.88178e-16
3.33067e-16
0
7.77156e-16
7.77156e-16
0
-6.66134e-16
6.66134e-16
-2.22045e-16
6.66134e-16
4.44089e-16
5.55112e-16
5.55112e-16
4.44089e-16
6.66134e-16
8.88178e-16
9.99201e-16
2.22045e-16
3.33067e-16
-2.22045e-16
2.22045e-16
1.11022e-16
1.11022e-16
0
-4.44089e-16
-8.88178e-16
0
5.55112e-16
-6.66134e-16
1.11022e-16
3.33067e-16
0
4.44089e-16
0
3.33067e-16
4.44089e-16
4.44089e-16
-2.22045e-16
7.77156e-16
-6.66134e-16
-8.88178e-16
-4.44089e-16
-2.22045e-16
-6.66134e-16
-2.22045e-16
6.66134e-16
0
-4.44089e-16
1.11022e-16
0
-2.22045e-16
-6.66134e-16
-2.22045e-16
-2.22045e-16
0
-4.44089e-16
-4.44089e-16
1.11022e-16
-2.22045e-16
-6.66134e-16
-4.44089e-16
-2.22045e-16
-2.22045e-16
-2.22045e-16
-2.22045e-16
-6.66134e-16
-8.88178e-16
1.11022e-16
-2.22045e-16
-4.44089e-16
1.11022e-16
0
-2.22045e-16
0
-6.66134e-16
-4.44089e-16
0
-2.22045e-16
0
0
0
-2.22045e-16
0
4.44089e-16
-4.44089e-16
-2.22045e-16
1.11022e-16
1.11022e-16
-2.22045e-16
1.11022e-16
-6.66134e-16
-4.44089e-16
-4.44089e-16
0
1.11022e-16
5.55112e-16
1.11022e-16
-2.22045e-16
1.11022e-16
3.33067e-16
2.22045e-16
4.44089e-16
0
3.33067e-16
6.66134e-16
-4.44089e-16
-1.33227e-15
-4.44089e-16
1.11022e-16
1.11022e-16
-2.22045e-16
2.22045e-16
-4.44089e-16
-4.44089e-16
-4.44089e-16
-6.66134e-16
-4.44089e-16
-1.11022e-15
-1.55431e-15
3.33067e-16
-8.88178e-16
-8.88178e-16
-8.88178e-16
-1.11022e-15
-8.88178e-16
6.66134e-16
1.11022e-16
-1.77636e-15
-1.11022e-15
-8.88178e-16
-6.66134e-16
-1.55431e-15
-1.11022e-15
-1.55431e-15
-1.33227e-15
-6.66134e-16
-1.11022e-15
-8.88178e-16
-1.11022e-15
-1.77636e-15
-1.11022e-15
3.33067e-16
-4.44089e-16
-6.66134e-16
4.44089e-16
-6.66134e-16
-4.44089e-16
3.33067e-16
0
-6.66134e-16
-1.11022e-15
0
-2.22045e-16
2.22045e-16
1.11022e-16
0
3.33067e-16
-6.66134e-16
2.22045e-16
1.11022e-16
-4.44089e-16
0
1.11022e-16
1.11022e-16
-4.44089e-16
2.22045e-16
2.22045e-16
1.11022e-16
0
7.77156e-16
2.22045e-16
-1.77636e-15
6.66134e-16
-4.44089e-16
0
9.99201e-16
-4.44089e-16
-6.66134e-16
-8.88178e-16
-1.77636e-15
9.99201e-16
7.77156e-16
-1.33227e-15
-1.33227e-15
9.99201e-16
-1.33227e-15
0
6.66134e-16
-8.88178e-16
-8.88178e-16
-6.66134e-16
-1.77636e-15
-1.11022e-15
2.22045e-16
-1.11022e-15
0
0
-1.9984e-15
6.66134e-16
-2.22045e-16
-1.9984e-15
-1.77636e-15
-4.44089e-16
2.22045e-16
3.33067e-16
-6.66134e-16
-4.44089e-16
-8.88178e-16
2.22045e-16
0
2.22045e-16
-6.66134e-16
-2.22045e-16
-4.44089e-16
-6.66134e-16
-4.44089e-16
-6.66134e-16
-1.11022e-15
-1.11022e-15
-6.66134e-16
-1.11022e-15
-2.22045e-16
2.22045e-16
-4.44089e-16
-2.22045e-16
-8.88178e-16
-6.66134e-16
7.77156e-16
-1.33227e-15
-1.11022e-15
6.66134e-16
-8.88178e-16
-6.66134e-16
8.88178e-16
-8.88178e-16
-6.66134e-16
8.88178e-16
-8.88178e-16
-1.11022e-15
6.66134e-16
-8.88178e-16
4.44089e-16
8.88178e-16
-1.11022e-15
-4.44089e-16
1.22125e-15
-2.22045e-16
4.44089e-16
1.22125e-15
-8.88178e-16
-4.44089e-16
9.99201e-16
-8.88178e-16
1.11022e-16
1.22125e-15
-1.11022e-15
-4.44089e-16
1.9984e-15
-8.88178e-16
5.55112e-16
1.33227e-15
-4.44089e-16
6.66134e-16
2.22045e-15
7.77156e-16
1.77636e-15
1.88738e-15
9.99201e-16
2.66454e-15
2.55351e-15
1.44329e-15
3.33067e-15
3.44169e-15
2.22045e-15
3.33067e-15
1.77636e-15
3.33067e-15
4.55191e-15
2.44249e-15
4.21885e-15
5.32907e-15
6.21725e-15
4.21885e-15
3.21965e-15
6.99441e-15
5.88418e-15
4.88498e-15
6.55032e-15
8.88178e-15
1.02141e-14
8.65974e-15
1.06581e-14
1.31006e-14
1.11022e-14
1.39888e-14
1.63203e-14
1.53211e-14
1.84297e-14
2.12053e-14
1.9984e-14
2.4869e-14
2.34257e-14
2.73115e-14
3.21965e-14
3.08642e-14
3.60822e-14
3.94129e-14
4.05231e-14
4.4742e-14
4.95159e-14
5.24025e-14
5.9508e-14
6.43929e-14
6.92779e-14
7.66054e-14
8.17124e-14
8.9484e-14
9.88098e-14
1.06026e-13
1.1513e-13
1.25788e-13
1.3578e-13
1.47216e-13
1.59872e-13
1.75526e-13
1.88627e-13
2.04614e-13
2.25153e-13
2.40918e-13
2.6279e-13
2.85882e-13
3.08198e-13
3.33955e-13
3.65041e-13
3.93796e-13
4.28435e-13
4.62519e-13
5.03708e-13
5.47118e-13
5.90861e-13
6.42708e-13
6.97886e-13
7.53397e-13
8.18345e-13
8.8507e-13
9.60232e-13
1.04172e-12
1.12721e-12
1.22402e-12
1.32461e-12
1.43374e-12
1.55398e-12
1.68421e-12
1.8221e-12
1.97586e-12
2.1374e-12
2.31137e-12
2.50611e-12
2.70994e-12
2.93132e-12
3.17557e-12
3.43436e-12
3.71325e-12
4.02056e-12
4.34663e-12
4.69902e-12
5.08416e-12
5.49782e-12
5.94225e-12
6.42231e-12
6.945e-12
7.50255e-12
8.11129e-12
8.76432e-12
9.46609e-12
1.0227e-11
1.10494e-11
1.19313e-11
1.28888e-11
1.39176e-11
1.50251e-11
1.62212e-11
1.75131e-11
1.89005e-11
2.04019e-11
2.20161e-11
2.37536e-11
2.56285e-11
2.76497e-11
2.98235e-11
3.21689e-11
3.46919e-11
3.74084e-11
4.03335e-11
4.3485e-11
4.68752e-11
5.0524e-11
5.44541e-11
5.86802e-11
6.32276e-11
6.81226e-11
7.33864e-11
7.90507e-11
8.51401e-11
9.16884e-11
9.87298e-11
1.06304e-10
1.14443e-10
1.23195e-10
1.32599e-10
1.42706e-10
1.53566e-10
1.65238e-10
1.77775e-10
1.91244e-10
2.05711e-10
2.21246e-10
2.37929e-10
2.55842e-10
2.75077e-10
2.95723e-10
3.17887e-10
3.41671e-10
3.67196e-10
3.94585e-10
4.23973e-10
4.55499e-10
4.89317e-10
5.25586e-10
5.64484e-10
6.06193e-10
6.50916e-10
6.98863e-10
7.50258e-10
8.05345e-10
8.64385e-10
9.27651e-10
9.95439e-10
1.06807e-09
1.14587e-09
1.2292e-09
1.31845e-09
1.41403e-09
1.51637e-09
1.62595e-09
1.74325e-09
1.86881e-09
2.0032e-09
2.14702e-09
2.30092e-09
2.46557e-09
2.64173e-09
2.83016e-09
3.03171e-09
3.24725e-09
3.47774e-09
3.72419e-09
3.98767e-09
4.26932e-09
4.57037e-09
4.89212e-09
5.23595e-09
5.60335e-09
5.99586e-09
6.41518e-09
6.86307e-09
7.34144e-09
7.8523e-09
8.39779e-09
8.98021e-09
9.60197e-09
1.02657e-08
1.09741e-08
1.17301e-08
1.25368e-08
1.33975e-08
1.43158e-08
1.52953e-08
1.63401e-08
1.74544e-08
1.86427e-08
1.99096e-08
2.12604e-08
2.27003e-08
2.42352e-08
2.5871e-08
2.76142e-08
2.94717e-08
3.14507e-08
3.35589e-08
3.58046e-08
3.81964e-08
4.07436e-08
4.34559e-08
4.63437e-08
4.94181e-08
5.26907e-08
5.61739e-08
5.98809e-08
6.38256e-08
6.80228e-08
7.24881e-08
7.72381e-08
8.22904e-08
8.76637e-08
9.33778e-08
9.94534e-08
1.05913e-07
1.1278e-07
1.20079e-07
1.27836e-07
1.3608e-07
1.4484e-07
1.54147e-07
1.64034e-07
1.74536e-07
1.8569e-07
1.97536e-07
2.10115e-07
2.23471e-07
2.3765e-07
2.527e-07
2.68675e-07
2.85629e-07
3.0362e-07
3.22708e-07
3.4296e-07
3.64443e-07
3.87229e-07
4.11396e-07
4.37023e-07
4.64196e-07
4.93005e-07
5.23546e-07
5.55918e-07
5.90227e-07
6.26586e-07
6.65113e-07
7.05931e-07
7.49174e-07
7.94979e-07
8.43493e-07
8.9487e-07
9.49273e-07
1.00687e-06
1.06786e-06
1.13241e-06
1.20073e-06
1.27304e-06
1.34955e-06
1.43051e-06
1.51616e-06
1.60676e-06
1.7026e-06
1.80395e-06
1.91113e-06
2.02446e-06
2.14427e-06
2.27093e-06
2.40481e-06
2.5463e-06
2.69583e-06
2.85383e-06
3.02076e-06
3.19711e-06
3.38338e-06
3.58012e-06
3.78789e-06
4.00728e-06
4.23892e-06
4.48346e-06
4.74159e-06
5.01404e-06
5.30157e-06
5.60498e-06
5.92511e-06
6.26285e-06
6.61911e-06
6.99488e-06
7.39119e-06
7.80909e-06
8.24974e-06
8.71429e-06
9.20401e-06
9.7202e-06
1.02642e-05
1.08375e-05
1.14416e-05
1.2078e-05
1.27484e-05
1.34546e-05
1.41984e-05
1.49817e-05
1.58064e-05
1.66748e-05
1.75889e-05
1.85512e-05
1.95639e-05
2.06297e-05
2.17512e-05
2.29312e-05
2.41726e-05
2.54784e-05
2.68519e-05
2.82963e-05
2.98151e-05
3.14121e-05
3.3091e-05
3.48559e-05
3.67109e-05
3.86604e-05
4.07091e-05
4.28616e-05
4.51231e-05
4.74987e-05
4.9994e-05
5.26146e-05
5.53666e-05
5.82563e-05
6.129e-05
6.44748e-05
6.78177e-05
7.13261e-05
7.5008e-05
7.88713e-05
8.29246e-05
8.71767e-05
9.16369e-05
9.63148e-05
0.000101221
0.000106365
0.000111758
0.000117412
0.000123339
0.000129551
0.000136061
0.000142882
0.000150029
0.000157517
0.000165361
0.000173576
0.000182179
0.000191188
0.000200621
0.000210496
0.000220834
0.000231654
0.000242978
0.000254827
0.000267226
0.000280197
0.000293766
0.000307959
0.000322803
0.000338325
0.000354555
0.000371523
0.000389261
0.000407801
0.000427179
0.000447428
0.000468587
0.000490692
0.000513785
0.000537906
0.000563099
0.000589407
0.000616878
0.000645558
0.000675499
0.000706752
0.00073937
0.00077341
0.000808929
0.000845987
0.000884647
0.000924973
0.000967033
0.00101089
0.00105663
0.00110432
0.00115403
0.00120585
0.00125986
0.00131615
0.0013748
0.00143591
0.00149957
0.00156589
0.00163496
0.00170689
0.00178179
0.00185978
0.00194097
0.00202549
0.00211345
0.002205
0.00230026
0.00239938
0.0025025
0.00260976
0.00272133
0.00283736
0.00295801
0.00308346
0.00321388
0.00334946
0.00349037
0.00363682
0.003789
0.00394712
0.00411139
0.00428204
0.00445928
0.00464335
0.0048345
0.00503297
0.00523902
0.00545291
0.00567492
0.00590532
0.00614442
0.0063925
0.00664987
0.00691685
0.00719378
0.00748097
0.00777879
0.00808759
0.00840773
0.00873959
0.00908357
0.00944006
0.00980947
0.0101922
0.0105888
0.0109996
0.0114251
0.0118657
0.012322
0.0127945
0.0132836
0.01379
0.014314
0.0148564
0.0154177
0.0159984
0.0165992
0.0172208
0.0178636
0.0185284
0.0192159
0.0199267
0.0206615
0.0214212
0.0222063
0.0230178
0.0238563
0.0247226
0.0256177
0.0265422
0.0274972
0.0284834
0.0295017
0.0305532
0.0316387
0.0327592
0.0339157
0.0351092
0.0363408
0.0376115
0.0389224
0.0402746
0.0416693
0.0431076
0.0445907
0.0461198
0.0476961
0.049321
0.0509957
0.0527215
0.0544999
0.0563321
0.0582195
0.0601637
0.0621661
0.0642281
0.0663513
0.0685372
0.0707875
0.0731037
0.0754876
0.0779406
0.0804647
0.0830615
0.0857328
0.0884803
0.0913061
0.0942118
0.0971994
0.100271
0.103428
0.106673
0.110008
0.113435
0.116956
0.120574
0.124289
0.128106
0.132025
0.136049
0.14018
0.144422
0.148775
0.153243
0.157829
0.162533
0.16736
0.172312
0.17739
0.182599
0.18794
0.193416
0.19903
0.204785
0.210684
0.216729
0.222923
0.229269
0.23577
0.242429
0.24925
0.256234
0.263386
0.270707
0.278202
0.285874
0.293725
0.301759
0.309979
0.318388
0.32699
0.335788
0.344785
0.353985
0.363391
0.373006
0.382834
0.392879
0.403143
0.41363
0.424344
0.435289
0.446467
0.457882
0.469539
0.48144
0.493589
0.505989
0.518645
0.531559
0.544736
0.558179
0.571892
0.585878
0.600141
0.614684
0.629511
0.644626
0.660032
0.675733
0.691733
0.708034
0.724641
0.741556
0.758785
0.776329
0.794192
0.812379
0.830891
0.849733
0.868909
0.88842
0.908271
0.928464
0.949004
0.969892
0.991133
1.01273
1.03468
1.057
1.07968
1.10272
1.12614
1.14993
1.17409
1.19863
1.22355
1.24885
1.27454
1.30062
1.32708
1.35394
1.38119
1.40883
1.43687
1.46532
1.49416
1.5234
1.55305
1.5831
1.61356
1.64443
1.6757
1.70739
1.73948
1.77199
1.80491
1.83824
1.87198
1.90613
1.9407
1.97567
2.01107
2.04687
2.08308
2.1197
2.15674
2.19418
2.23203
2.27028
2.30894
2.34801
2.38747
2.42734
2.4676
2.50826
2.54931
2.59076
2.63259
2.6748
2.7174
2.76038
2.80373
2.84745
2.89154
2.93599
2.98081
3.02598
3.0715
3.11736
3.16357
3.21011
3.25699
3.30419
3.35171
3.39955
3.44769
3.49613
3.54488
3.59391
3.64322
3.69281
3.74267
3.79278
3.84316
3.89377
3.94463
3.99572
4.04703
4.09855
4.15028
4.2022
4.25432
4.30661
4.35907
4.41169
4.46446
4.51737
4.57041
4.62357
4.67685
4.73022
4.78368
4.83723
4.89084
4.9445
4.99822
5.05197
5.10574
5.15952
5.21331
5.26708
5.32083
5.37454
5.42821
5.48182
5.53535
5.58881
5.64216
5.69541
5.74853
5.80152
5.85437
5.90705
5.95956
6.01188
6.06401
6.11592
6.16761
6.21906
6.27025
6.32118
6.37184
6.4222
6.47226
6.522
6.5714
6.62047
6.66917
6.71751
6.76546
6.81301
6.86015
6.90687
6.95315
6.99898
7.04434
7.08923
7.13364
7.17754
7.22093
7.26379
7.30611
7.34788
7.38909
7.42972
7.46976
7.50921
7.54804
7.58625
7.62383
7.66075
7.69703
7.73263
7.76756
7.80179
7.83533
7.86816
7.90026
7.93164
7.96227
7.99216
8.02128
8.04964
8.07722
8.10402
8.13002
8.15522
8.17961
8.20318
8.22593
8.24784
8.26892
8.28914
8.30852
8.32704
8.34469
8.36147
8.37737
8.3924
8.40653
8.41978
8.43213
8.44358
8.45414
8.46378
8.47252
8.48034
8.48725
8.49324
8.49832
8.50247
8.5057
8.50801
8.5094
8.50986
