2048 1 1
1.91979e-10 5.43e-10 5.43e-10
-0.000726004
5.7678e+09
1.15347e+10
1.72998e+10
2.30621e+10
2.88208e+10
3.4575e+10
4.03237e+10
4.60661e+10
5.18013e+10
5.75283e+10
6.32463e+10
6.89543e+10
7.46515e+10
8.03371e+10
8.601e+10
9.16695e+10
9.73147e+10
1.02945e+11
1.08559e+11
1.14156e+11
1.19735e+11
1.25295e+11
1.30837e+11
1.36358e+11
1.41857e+11
1.47335e+11
1.52791e+11
1.58222e+11
1.6363e+11
1.69012e+11
1.74368e+11
1.79698e+11
1.85001e+11
1.90275e+11
1.9552e+11
2.00736e+11
2.05921e+11
2.11076e+11
2.16198e+11
2.21289e+11
2.26346e+11
2.31369e+11
2.36358e+11
2.41312e+11
2.4623e+11
2.51111e+11
2.55956e+11
2.60764e+11
2.65533e+11
2.70263e+11
2.74954e+11
2.79606e+11
2.84217e+11
2.88787e+11
2.93316e+11
2.97802e+11
3.02247e+11
3.06649e+11
3.11007e+11
3.15322e+11
3.19592e+11
3.23818e+11
3.27999e+11
3.32135e+11
3.36225e+11
3.40268e+11
3.44266e+11
3.48216e+11
3.5212e+11
3.55976e+11
3.59784e+11
3.63544e+11
3.67256e+11
3.70919e+11
3.74534e+11
3.781e+11
3.81616e+11
3.85084e+11
3.88501e+11
3.91869e+11
3.95187e+11
3.98455e+11
4.01673e+11
4.0484e+11
4.07957e+11
4.11024e+11
4.1404e+11
4.17005e+11
4.1992e+11
4.22784e+11
4.25598e+11
4.2836e+11
4.31072e+11
4.33734e+11
4.36344e+11
4.38904e+11
4.41413e+11
4.43872e+11
4.4628e+11
4.48638e+11
4.50946e+11
4.53204e+11
4.55411e+11
4.57569e+11
4.59676e+11
4.61734e+11
4.63743e+11
4.65702e+11
4.67613e+11
4.69474e+11
4.71287e+11
4.73051e+11
4.74767e+11
4.76435e+11
4.78055e+11
4.79627e+11
4.81153e+11
4.82631e+11
4.84062e+11
4.85448e+11
4.86786e+11
4.88079e+11
4.89327e+11
4.90529e+11
4.91687e+11
4.92799e+11
4.93868e+11
4.94893e+11
4.95874e+11
4.96811e+11
4.97706e+11
4.98559e+11
4.9937e+11
5.00138e+11
5.00866e+11
5.01552e+11
5.02198e+11
5.02804e+11
5.0337e+11
5.03897e+11
5.04384e+11
5.04834e+11
5.05245e+11
5.05618e+11
5.05954e+11
5.06254e+11
5.06517e+11
5.06744e+11
5.06935e+11
5.07092e+11
5.07213e+11
5.07301e+11
5.07355e+11
5.07375e+11
5.07363e+11
5.07318e+11
5.07241e+11
5.07133e+11
5.06994e+11
5.06824e+11
5.06624e+11
5.06394e+11
5.06135e+11
5.05847e+11
5.05531e+11
5.05187e+11
5.04815e+11
5.04417e+11
5.03992e+11
5.0354e+11
5.03064e+11
5.02561e+11
5.02035e+11
5.01484e+11
5.00909e+11
5.0031e+11
4.99689e+11
4.99045e+11
4.98379e+11
4.97691e+11
4.96982e+11
4.96252e+11
4.95502e+11
4.94731e+11
4.93942e+11
4.93133e+11
4.92305e+11
4.91459e+11
4.90595e+11
4.89714e+11
4.88815e+11
4.879e+11
4.86969e+11
4.86021e+11
4.85058e+11
4.8408e+11
4.83088e+11
4.82081e+11
4.8106e+11
4.80025e+11
4.78977e+11
4.77916e+11
4.76843e+11
4.75757e+11
4.7466e+11
4.73551e+11
4.72431e+11
4.713e+11
4.70159e+11
4.69008e+11
4.67847e+11
4.66676e+11
4.65497e+11
4.64308e+11
4.63111e+11
4.61906e+11
4.60693e+11
4.59472e+11
4.58244e+11
4.57009e+11
4.55768e+11
4.54519e+11
4.53265e+11
4.52005e+11
4.50739e+11
4.49468e+11
4.48191e+11
4.4691e+11
4.45625e+11
4.44334e+11
4.4304e+11
4.41742e+11
4.40441e+11
4.39135e+11
4.37827e+11
4.36516e+11
4.35202e+11
4.33886e+11
4.32567e+11
4.31246e+11
4.29924e+11
4.28599e+11
4.27274e+11
4.25947e+11
4.24618e+11
4.23289e+11
4.21959e+11
4.20629e+11
4.19298e+11
4.17967e+11
4.16636e+11
4.15305e+11
4.13974e+11
4.12644e+11
4.11314e+11
4.09985e+11
4.08657e+11
4.0733e+11
4.06004e+11
4.04679e+11
4.03356e+11
4.02034e+11
4.00714e+11
3.99395e+11
3.98079e+11
3.96764e+11
3.95452e+11
3.94142e+11
3.92834e+11
3.91528e+11
3.90225e+11
3.88925e+11
3.87628e+11
3.86333e+11
3.85041e+11
3.83752e+11
3.82467e+11
3.81184e+11
3.79905e+11
3.78629e+11
3.77356e+11
3.76087e+11
3.74822e+11
3.73559e+11
3.72301e+11
3.71046e+11
3.69796e+11
3.68549e+11
3.67305e+11
3.66066e+11
3.64831e+11
3.636e+11
3.62373e+11
3.6115e+11
3.59931e+11
3.58716e+11
3.57506e+11
3.563e+11
3.55098e+11
3.53901e+11
3.52708e+11
3.5152e+11
3.50336e+11
3.49156e+11
3.47981e+11
3.46811e+11
3.45645e+11
3.44484e+11
3.43327e+11
3.42175e+11
3.41027e+11
3.39885e+11
3.38746e+11
3.37613e+11
3.36484e+11
3.3536e+11
3.34241e+11
3.33126e+11
3.32016e+11
3.30911e+11
3.29811e+11
3.28715e+11
3.27624e+11
3.26538e+11
3.25457e+11
3.2438e+11
3.23308e+11
3.22241e+11
3.21179e+11
3.20121e+11
3.19069e+11
3.1802e+11
3.16977e+11
3.15938e+11
3.14905e+11
3.13875e+11
3.12851e+11
3.11831e+11
3.10816e+11
3.09806e+11
3.088e+11
3.07799e+11
3.06803e+11
3.05811e+11
3.04824e+11
3.03841e+11
3.02863e+11
3.0189e+11
3.00921e+11
2.99957e+11
2.98997e+11
2.98042e+11
2.97091e+11
2.96145e+11
2.95204e+11
2.94266e+11
2.93333e+11
2.92405e+11
2.91481e+11
2.90562e+11
2.89646e+11
2.88735e+11
2.87829e+11
2.86927e+11
2.86029e+11
2.85135e+11
2.84245e+11
2.8336e+11
2.82479e+11
2.81602e+11
2.8073e+11
2.79861e+11
2.78997e+11
2.78136e+11
2.7728e+11
2.76428e+11
2.7558e+11
2.74736e+11
2.73895e+11
2.73059e+11
2.72227e+11
2.71398e+11
2.70574e+11
2.69753e+11
2.68937e+11
2.68124e+11
2.67315e+11
2.66509e+11
2.65708e+11
2.6491e+11
2.64116e+11
2.63325e+11
2.62539e+11
2.61755e+11
2.60976e+11
2.602e+11
2.59428e+11
2.58659e+11
2.57894e+11
2.57132e+11
2.56374e+11
2.55619e+11
2.54867e+11
2.54119e+11
2.53375e+11
2.52634e+11
2.51896e+11
2.51161e+11
2.5043e+11
2.49702e+11
2.48977e+11
2.48256e+11
2.47537e+11
2.46822e+11
2.4611e+11
2.45401e+11
2.44696e+11
2.43993e+11
2.43293e+11
2.42597e+11
2.41903e+11
2.41213e+11
2.40526e+11
2.39841e+11
2.39159e+11
2.38481e+11
2.37805e+11
2.37132e+11
2.36462e+11
2.35795e+11
2.3513e+11
2.34469e+11
2.3381e+11
2.33154e+11
2.32501e+11
2.3185e+11
2.31202e+11
2.30557e+11
2.29914e+11
2.29274e+11
2.28636e+11
2.28002e+11
2.27369e+11
2.2674e+11
2.26112e+11
2.25488e+11
2.24865e+11
2.24246e+11
2.23628e+11
2.23013e+11
2.22401e+11
2.21791e+11
2.21183e+11
2.20578e+11
2.19975e+11
2.19374e+11
2.18775e+11
2.18179e+11
2.17585e+11
2.16994e+11
2.16404e+11
2.15817e+11
2.15232e+11
2.14649e+11
2.14068e+11
2.13489e+11
2.12913e+11
2.12339e+11
2.11766e+11
2.11196e+11
2.10628e+11
2.10061e+11
2.09497e+11
2.08935e+11
2.08375e+11
2.07817e+11
2.0726e+11
2.06706e+11
2.06153e+11
2.05603e+11
2.05054e+11
2.04507e+11
2.03962e+11
2.03419e+11
2.02878e+11
2.02338e+11
2.01801e+11
2.01265e+11
2.00731e+11
2.00198e+11
1.99667e+11
1.99138e+11
1.98611e+11
1.98085e+11
1.97562e+11
1.97039e+11
1.96519e+11
1.96e+11
1.95482e+11
1.94966e+11
1.94452e+11
1.93939e+11
1.93428e+11
1.92919e+11
1.92411e+11
1.91904e+11
1.91399e+11
1.90896e+11
1.90394e+11
1.89893e+11
1.89394e+11
1.88897e+11
1.884e+11
1.87905e+11
1.87412e+11
1.8692e+11
1.86429e+11
1.8594e+11
1.85452e+11
1.84966e+11
1.8448e+11
1.83997e+11
1.83514e+11
1.83033e+11
1.82553e+11
1.82074e+11
1.81596e+11
1.8112e+11
1.80645e+11
1.80171e+11
1.79699e+11
1.79228e+11
1.78757e+11
1.78289e+11
1.77821e+11
1.77354e+11
1.76889e+11
1.76424e+11
1.75961e+11
1.75499e+11
1.75038e+11
1.74579e+11
1.7412e+11
1.73662e+11
1.73206e+11
1.7275e+11
1.72296e+11
1.71842e+11
1.7139e+11
1.70939e+11
1.70488e+11
1.70039e+11
1.69591e+11
1.69144e+11
1.68697e+11
1.68252e+11
1.67808e+11
1.67364e+11
1.66922e+11
1.6648e+11
1.6604e+11
1.656e+11
1.65161e+11
1.64723e+11
1.64286e+11
1.6385e+11
1.63415e+11
1.62981e+11
1.62548e+11
1.62115e+11
1.61683e+11
1.61252e+11
1.60822e+11
1.60393e+11
1.59965e+11
1.59537e+11
1.59111e+11
1.58685e+11
1.58259e+11
1.57835e+11
1.57411e+11
1.56989e+11
1.56567e+11
1.56145e+11
1.55725e+11
1.55305e+11
1.54886e+11
1.54468e+11
1.5405e+11
1.53633e+11
1.53217e+11
1.52801e+11
1.52387e+11
1.51973e+11
1.51559e+11
1.51146e+11
1.50734e+11
1.50323e+11
1.49912e+11
1.49502e+11
1.49093e+11
1.48684e+11
1.48276e+11
1.47868e+11
1.47462e+11
1.47055e+11
1.4665e+11
1.46245e+11
1.4584e+11
1.45436e+11
1.45033e+11
1.44631e+11
1.44229e+11
1.43827e+11
1.43426e+11
1.43026e+11
1.42626e+11
1.42227e+11
1.41828e+11
1.4143e+11
1.41033e+11
1.40636e+11
1.40239e+11
1.39843e+11
1.39448e+11
1.39053e+11
1.38659e+11
1.38265e+11
1.37871e+11
1.37478e+11
1.37086e+11
1.36694e+11
1.36303e+11
1.35912e+11
1.35522e+11
1.35132e+11
1.34742e+11
1.34353e+11
1.33965e+11
1.33577e+11
1.33189e+11
1.32802e+11
1.32415e+11
1.32029e+11
1.31643e+11
1.31258e+11
1.30873e+11
1.30488e+11
1.30104e+11
1.2972e+11
1.29337e+11
1.28954e+11
1.28572e+11
1.2819e+11
1.27808e+11
1.27427e+11
1.27046e+11
1.26666e+11
1.26286e+11
1.25906e+11
1.25527e+11
1.25148e+11
1.24769e+11
1.24391e+11
1.24013e+11
1.23636e+11
1.23259e+11
1.22882e+11
1.22506e+11
1.2213e+11
1.21754e+11
1.21379e+11
1.21004e+11
1.2063e+11
1.20255e+11
1.19882e+11
1.19508e+11
1.19135e+11
1.18762e+11
1.18389e+11
1.18017e+11
1.17645e+11
1.17274e+11
1.16902e+11
1.16531e+11
1.16161e+11
1.1579e+11
1.1542e+11
1.15051e+11
1.14681e+11
1.14312e+11
1.13943e+11
1.13575e+11
1.13207e+11
1.12839e+11
1.12471e+11
1.12104e+11
1.11737e+11
1.1137e+11
1.11003e+11
1.10637e+11
1.10271e+11
1.09905e+11
1.0954e+11
1.09175e+11
1.0881e+11
1.08445e+11
1.08081e+11
1.07717e+11
1.07353e+11
1.06989e+11
1.06626e+11
1.06263e+11
1.059e+11
1.05537e+11
1.05175e+11
1.04813e+11
1.04451e+11
1.0409e+11
1.03728e+11
1.03367e+11
1.03006e+11
1.02645e+11
1.02285e+11
1.01925e+11
1.01565e+11
1.01205e+11
1.00845e+11
1.00486e+11
1.00127e+11
9.97682e+10
9.94095e+10
9.90511e+10
9.86929e+10
9.83349e+10
9.79771e+10
9.76195e+10
9.72621e+10
9.69049e+10
9.6548e+10
9.61912e+10
9.58347e+10
9.54783e+10
9.51221e+10
9.47662e+10
9.44104e+10
9.40549e+10
9.36995e+10
9.33443e+10
9.29893e+10
9.26345e+10
9.22799e+10
9.19255e+10
9.15712e+10
9.12172e+10
9.08633e+10
9.05096e+10
9.01561e+10
8.98028e+10
8.94497e+10
8.90967e+10
8.87439e+10
8.83913e+10
8.80388e+10
8.76865e+10
8.73344e+10
8.69825e+10
8.66307e+10
8.62791e+10
8.59277e+10
8.55764e+10
8.52253e+10
8.48744e+10
8.45236e+10
8.4173e+10
8.38225e+10
8.34722e+10
8.3122e+10
8.27721e+10
8.24222e+10
8.20725e+10
8.1723e+10
8.13736e+10
8.10244e+10
8.06753e+10
8.03264e+10
7.99776e+10
7.9629e+10
7.92805e+10
7.89322e+10
7.8584e+10
7.82359e+10
7.7888e+10
7.75402e+10
7.71926e+10
7.68451e+10
7.64978e+10
7.61505e+10
7.58035e+10
7.54565e+10
7.51097e+10
7.4763e+10
7.44165e+10
7.40701e+10
7.37238e+10
7.33776e+10
7.30316e+10
7.26857e+10
7.234e+10
7.19943e+10
7.16488e+10
7.13034e+10
7.09581e+10
7.0613e+10
7.0268e+10
6.99231e+10
6.95783e+10
6.92337e+10
6.88891e+10
6.85447e+10
6.82004e+10
6.78562e+10
6.75122e+10
6.71682e+10
6.68244e+10
6.64806e+10
6.6137e+10
6.57935e+10
6.54501e+10
6.51069e+10
6.47637e+10
6.44206e+10
6.40777e+10
6.37349e+10
6.33921e+10
6.30495e+10
6.2707e+10
6.23646e+10
6.20223e+10
6.168e+10
6.13379e+10
6.09959e+10
6.0654e+10
6.03122e+10
5.99705e+10
5.96289e+10
5.92874e+10
5.8946e+10
5.86047e+10
5.82635e+10
5.79224e+10
5.75814e+10
5.72404e+10
5.68996e+10
5.65589e+10
5.62182e+10
5.58777e+10
5.55372e+10
5.51968e+10
5.48565e+10
5.45163e+10
5.41762e+10
5.38362e+10
5.34963e+10
5.31564e+10
5.28167e+10
5.2477e+10
5.21374e+10
5.17979e+10
5.14585e+10
5.11192e+10
5.07799e+10
5.04407e+10
5.01017e+10
4.97626e+10
4.94237e+10
4.90849e+10
4.87461e+10
4.84074e+10
4.80688e+10
4.77302e+10
4.73918e+10
4.70534e+10
4.67151e+10
4.63768e+10
4.60387e+10
4.57006e+10
4.53626e+10
4.50246e+10
4.46867e+10
4.43489e+10
4.40112e+10
4.36735e+10
4.33359e+10
4.29984e+10
4.2661e+10
4.23236e+10
4.19863e+10
4.1649e+10
4.13118e+10
4.09747e+10
4.06376e+10
4.03006e+10
3.99637e+10
3.96268e+10
3.929e+10
3.89533e+10
3.86166e+10
3.828e+10
3.79434e+10
3.76069e+10
3.72704e+10
3.69341e+10
3.65977e+10
3.62615e+10
3.59252e+10
3.55891e+10
3.5253e+10
3.49169e+10
3.45809e+10
3.4245e+10
3.39091e+10
3.35733e+10
3.32375e+10
3.29018e+10
3.25661e+10
3.22305e+10
3.18949e+10
3.15594e+10
3.12239e+10
3.08885e+10
3.05531e+10
3.02177e+10
2.98825e+10
2.95472e+10
2.9212e+10
2.88769e+10
2.85418e+10
2.82067e+10
2.78717e+10
2.75367e+10
2.72018e+10
2.68669e+10
2.65321e+10
2.61973e+10
2.58625e+10
2.55278e+10
2.51931e+10
2.48585e+10
2.45239e+10
2.41893e+10
2.38548e+10
2.35203e+10
2.31858e+10
2.28514e+10
2.2517e+10
2.21827e+10
2.18483e+10
2.15141e+10
2.11798e+10
2.08456e+10
2.05114e+10
2.01773e+10
1.98431e+10
1.95091e+10
1.9175e+10
1.8841e+10
1.8507e+10
1.8173e+10
1.7839e+10
1.75051e+10
1.71712e+10
1.68374e+10
1.65035e+10
1.61697e+10
1.58359e+10
1.55022e+10
1.51684e+10
1.48347e+10
1.4501e+10
1.41674e+10
1.38337e+10
1.35001e+10
1.31665e+10
1.28329e+10
1.24993e+10
1.21658e+10
1.18323e+10
1.14987e+10
1.11653e+10
1.08318e+10
1.04983e+10
1.01649e+10
9.83145e+09
9.49804e+09
9.16465e+09
8.83126e+09
8.49789e+09
8.16454e+09
7.8312e+09
7.49787e+09
7.16455e+09
6.83124e+09
6.49794e+09
6.16465e+09
5.83137e+09
5.4981e+09
5.16484e+09
4.83159e+09
4.49835e+09
4.16511e+09
3.83187e+09
3.49865e+09
3.16543e+09
2.83221e+09
2.499e+09
2.16579e+09
1.83259e+09
1.49939e+09
1.16619e+09
8.32989e+08
4.99793e+08
1.66598e+08
-1.66598e+08
-4.99793e+08
-8.32989e+08
-1.16619e+09
-1.49939e+09
-1.83259e+09
-2.16579e+09
-2.499e+09
-2.83221e+09
-3.16543e+09
-3.49865e+09
-3.83187e+09
-4.16511e+09
-4.49835e+09
-4.83159e+09
-5.16484e+09
-5.4981e+09
-5.83137e+09
-6.16465e+09
-6.49794e+09
-6.83124e+09
-7.16455e+09
-7.49787e+09
-7.8312e+09
-8.16454e+09
-8.49789e+09
-8.83126e+09
-9.16465e+09
-9.49804e+09
-9.83145e+09
-1.01649e+10
-1.04983e+10
-1.08318e+10
-1.11653e+10
-1.14987e+10
-1.18323e+10
-1.21658e+10
-1.24993e+10
-1.28329e+10
-1.31665e+10
-1.35001e+10
-1.38337e+10
-1.41674e+10
-1.4501e+10
-1.48347e+10
-1.51684e+10
-1.55022e+10
-1.58359e+10
-1.61697e+10
-1.65035e+10
-1.68374e+10
-1.71712e+10
-1.75051e+10
-1.7839e+10
-1.8173e+10
-1.8507e+10
-1.8841e+10
-1.9175e+10
-1.95091e+10
-1.98431e+10
-2.01773e+10
-2.05114e+10
-2.08456e+10
-2.11798e+10
-2.15141e+10
-2.18483e+10
-2.21827e+10
-2.2517e+10
-2.28514e+10
-2.31858e+10
-2.35203e+10
-2.38548e+10
-2.41893e+10
-2.45239e+10
-2.48585e+10
-2.51931e+10
-2.55278e+10
-2.58625e+10
-2.61973e+10
-2.65321e+10
-2.68669e+10
-2.72018e+10
-2.75367e+10
-2.78717e+10
-2.82067e+10
-2.85418e+10
-2.88769e+10
-2.9212e+10
-2.95472e+10
-2.98825e+10
-3.02177e+10
-3.05531e+10
-3.08885e+10
-3.12239e+10
-3.15594e+10
-3.18949e+10
-3.22305e+10
-3.25661e+10
-3.29018e+10
-3.32375e+10
-3.35733e+10
-3.39091e+10
-3.4245e+10
-3.45809e+10
-3.49169e+10
-3.5253e+10
-3.55891e+10
-3.59252e+10
-3.62615e+10
-3.65977e+10
-3.69341e+10
-3.72704e+10
-3.76069e+10
-3.79434e+10
-3.828e+10
-3.86166e+10
-3.89533e+10
-3.929e+10
-3.96268e+10
-3.99637e+10
-4.03006e+10
-4.06376e+10
-4.09747e+10
-4.13118e+10
-4.1649e+10
-4.19863e+10
-4.23236e+10
-4.2661e+10
-4.29984e+10
-4.33359e+10
-4.36735e+10
-4.40112e+10
-4.43489e+10
-4.46867e+10
-4.50246e+10
-4.53626e+10
-4.57006e+10
-4.60387e+10
-4.63768e+10
-4.67151e+10
-4.70534e+10
-4.73918e+10
-4.77302e+10
-4.80688e+10
-4.84074e+10
-4.87461e+10
-4.90849e+10
-4.94237e+10
-4.97626e+10
-5.01017e+10
-5.04407e+10
-5.07799e+10
-5.11192e+10
-5.14585e+10
-5.17979e+10
-5.21374e+10
-5.2477e+10
-5.28167e+10
-5.31564e+10
-5.34963e+10
-5.38362e+10
-5.41762e+10
-5.45163e+10
-5.48565e+10
-5.51968e+10
-5.55372e+10
-5.58777e+10
-5.62182e+10
-5.65589e+10
-5.68996e+10
-5.72404e+10
-5.75814e+10
-5.79224e+10
-5.82635e+10
-5.86047e+10
-5.8946e+10
-5.92874e+10
-5.96289e+10
-5.99705e+10
-6.03122e+10
-6.0654e+10
-6.09959e+10
-6.13379e+10
-6.168e+10
-6.20223e+10
-6.23646e+10
-6.2707e+10
-6.30495e+10
-6.33921e+10
-6.37349e+10
-6.40777e+10
-6.44206e+10
-6.47637e+10
-6.51069e+10
-6.54501e+10
-6.57935e+10
-6.6137e+10
-6.64806e+10
-6.68244e+10
-6.71682e+10
-6.75122e+10
-6.78562e+10
-6.82004e+10
-6.85447e+10
-6.88891e+10
-6.92337e+10
-6.95783e+10
-6.99231e+10
-7.0268e+10
-7.0613e+10
-7.09581e+10
-7.13034e+10
-7.16488e+10
-7.19943e+10
-7.234e+10
-7.26857e+10
-7.30316e+10
-7.33776e+10
-7.37238e+10
-7.40701e+10
-7.44165e+10
-7.4763e+10
-7.51097e+10
-7.54565e+10
-7.58035e+10
-7.61505e+10
-7.64978e+10
-7.68451e+10
-7.71926e+10
-7.75402e+10
-7.7888e+10
-7.82359e+10
-7.8584e+10
-7.89322e+10
-7.92805e+10
-7.9629e+10
-7.99776e+10
-8.03264e+10
-8.06753e+10
-8.10244e+10
-8.13736e+10
-8.1723e+10
-8.20725e+10
-8.24222e+10
-8.27721e+10
-8.3122e+10
-8.34722e+10
-8.38225e+10
-8.4173e+10
-8.45236e+10
-8.48744e+10
-8.52253e+10
-8.55764e+10
-8.59277e+10
-8.62791e+10
-8.66307e+10
-8.69825e+10
-8.73344e+10
-8.76865e+10
-8.80388e+10
-8.83913e+10
-8.87439e+10
-8.90967e+10
-8.94497e+10
-8.98028e+10
-9.01561e+10
-9.05096e+10
-9.08633e+10
-9.12172e+10
-9.15712e+10
-9.19255e+10
-9.22799e+10
-9.26345e+10
-9.29893e+10
-9.33443e+10
-9.36995e+10
-9.40549e+10
-9.44104e+10
-9.47662e+10
-9.51221e+10
-9.54783e+10
-9.58347e+10
-9.61912e+10
-9.6548e+10
-9.69049e+10
-9.72621e+10
-9.76195e+10
-9.79771e+10
-9.83349e+10
-9.86929e+10
-9.90511e+10
-9.94095e+10
-9.97682e+10
-1.00127e+11
-1.00486e+11
-1.00845e+11
-1.01205e+11
-1.01565e+11
-1.01925e+11
-1.02285e+11
-1.02645e+11
-1.03006e+11
-1.03367e+11
-1.03728e+11
-1.0409e+11
-1.04451e+11
-1.04813e+11
-1.05175e+11
-1.05537e+11
-1.059e+11
-1.06263e+11
-1.06626e+11
-1.06989e+11
-1.07353e+11
-1.07717e+11
-1.08081e+11
-1.08445e+11
-1.0881e+11
-1.09175e+11
-1.0954e+11
-1.09905e+11
-1.10271e+11
-1.10637e+11
-1.11003e+11
-1.1137e+11
-1.11737e+11
-1.12104e+11
-1.12471e+11
-1.12839e+11
-1.13207e+11
-1.13575e+11
-1.13943e+11
-1.14312e+11
-1.14681e+11
-1.15051e+11
-1.1542e+11
-1.1579e+11
-1.16161e+11
-1.16531e+11
-1.16902e+11
-1.17274e+11
-1.17645e+11
-1.18017e+11
-1.18389e+11
-1.18762e+11
-1.19135e+11
-1.19508e+11
-1.19882e+11
-1.20255e+11
-1.2063e+11
-1.21004e+11
-1.21379e+11
-1.21754e+11
-1.2213e+11
-1.22506e+11
-1.22882e+11
-1.23259e+11
-1.23636e+11
-1.24013e+11
-1.24391e+11
-1.24769e+11
-1.25148e+11
-1.25527e+11
-1.25906e+11
-1.26286e+11
-1.26666e+11
-1.27046e+11
-1.27427e+11
-1.27808e+11
-1.2819e+11
-1.28572e+11
-1.28954e+11
-1.29337e+11
-1.2972e+11
-1.30104e+11
-1.30488e+11
-1.30873e+11
-1.31258e+11
-1.31643e+11
-1.32029e+11
-1.32415e+11
-1.32802e+11
-1.33189e+11
-1.33577e+11
-1.33965e+11
-1.34353e+11
-1.34742e+11
-1.35132e+11
-1.35522e+11
-1.35912e+11
-1.36303e+11
-1.36694e+11
-1.37086e+11
-1.37478e+11
-1.37871e+11
-1.38265e+11
-1.38659e+11
-1.39053e+11
-1.39448e+11
-1.39843e+11
-1.40239e+11
-1.40636e+11
-1.41033e+11
-1.4143e+11
-1.41828e+11
-1.42227e+11
-1.42626e+11
-1.43026e+11
-1.43426e+11
-1.43827e+11
-1.44229e+11
-1.44631e+11
-1.45033e+11
-1.45436e+11
-1.4584e+11
-1.46245e+11
-1.4665e+11
-1.47055e+11
-1.47462e+11
-1.47868e+11
-1.48276e+11
-1.48684e+11
-1.49093e+11
-1.49502e+11
-1.49912e+11
-1.50323e+11
-1.50734e+11
-1.51146e+11
-1.51559e+11
-1.51973e+11
-1.52387e+11
-1.52801e+11
-1.53217e+11
-1.53633e+11
-1.5405e+11
-1.54468e+11
-1.54886e+11
-1.55305e+11
-1.55725e+11
-1.56145e+11
-1.56567e+11
-1.56989e+11
-1.57411e+11
-1.57835e+11
-1.58259e+11
-1.58685e+11
-1.59111e+11
-1.59537e+11
-1.59965e+11
-1.60393e+11
-1.60822e+11
-1.61252e+11
-1.61683e+11
-1.62115e+11
-1.62548e+11
-1.62981e+11
-1.63415e+11
-1.6385e+11
-1.64286e+11
-1.64723e+11
-1.65161e+11
-1.656e+11
-1.6604e+11
-1.6648e+11
-1.66922e+11
-1.67364e+11
-1.67808e+11
-1.68252e+11
-1.68697e+11
-1.69144e+11
-1.69591e+11
-1.70039e+11
-1.70488e+11
-1.70939e+11
-1.7139e+11
-1.71842e+11
-1.72296e+11
-1.7275e+11
-1.73206e+11
-1.73662e+11
-1.7412e+11
-1.74579e+11
-1.75038e+11
-1.75499e+11
-1.75961e+11
-1.76424e+11
-1.76889e+11
-1.77354e+11
-1.77821e+11
-1.78289e+11
-1.78757e+11
-1.79228e+11
-1.79699e+11
-1.80171e+11
-1.80645e+11
-1.8112e+11
-1.81596e+11
-1.82074e+11
-1.82553e+11
-1.83033e+11
-1.83514e+11
-1.83997e+11
-1.8448e+11
-1.84966e+11
-1.85452e+11
-1.8594e+11
-1.86429e+11
-1.8692e+11
-1.87412e+11
-1.87905e+11
-1.884e+11
-1.88897e+11
-1.89394e+11
-1.89893e+11
-1.90394e+11
-1.90896e+11
-1.91399e+11
-1.91904e+11
-1.92411e+11
-1.92919e+11
-1.93428e+11
-1.93939e+11
-1.94452e+11
-1.94966e+11
-1.95482e+11
-1.96e+11
-1.96519e+11
-1.97039e+11
-1.97562e+11
-1.98085e+11
-1.98611e+11
-1.99138e+11
-1.99667e+11
-2.00198e+11
-2.00731e+11
-2.01265e+11
-2.01801e+11
-2.02338e+11
-2.02878e+11
-2.03419e+11
-2.03962e+11
-2.04507e+11
-2.05054e+11
-2.05603e+11
-2.06153e+11
-2.06706e+11
-2.0726e+11
-2.07817e+11
-2.08375e+11
-2.08935e+11
-2.09497e+11
-2.10061e+11
-2.10628e+11
-2.11196e+11
-2.11766e+11
-2.12339e+11
-2.12913e+11
-2.13489e+11
-2.14068e+11
-2.14649e+11
-2.15232e+11
-2.15817e+11
-2.16404e+11
-2.16994e+11
-2.17585e+11
-2.18179e+11
-2.18775e+11
-2.19374e+11
-2.19975e+11
-2.20578e+11
-2.21183e+11
-2.21791e+11
-2.22401e+11
-2.23013e+11
-2.23628e+11
-2.24246e+11
-2.24865e+11
-2.25488e+11
-2.26112e+11
-2.2674e+11
-2.27369e+11
-2.28002e+11
-2.28636e+11
-2.29274e+11
-2.29914e+11
-2.30557e+11
-2.31202e+11
-2.3185e+11
-2.32501e+11
-2.33154e+11
-2.3381e+11
-2.34469e+11
-2.3513e+11
-2.35795e+11
-2.36462e+11
-2.37132e+11
-2.37805e+11
-2.38481e+11
-2.39159e+11
-2.39841e+11
-2.40526e+11
-2.41213e+11
-2.41903e+11
-2.42597e+11
-2.43293e+11
-2.43993e+11
-2.44696e+11
-2.45401e+11
-2.4611e+11
-2.46822e+11
-2.47537e+11
-2.48256e+11
-2.48977e+11
-2.49702e+11
-2.5043e+11
-2.51161e+11
-2.51896e+11
-2.52634e+11
-2.53375e+11
-2.54119e+11
-2.54867e+11
-2.55619e+11
-2.56374e+11
-2.57132e+11
-2.57894e+11
-2.58659e+11
-2.59428e+11
-2.602e+11
-2.60976e+11
-2.61755e+11
-2.62539e+11
-2.63325e+11
-2.64116e+11
-2.6491e+11
-2.65708e+11
-2.66509e+11
-2.67315e+11
-2.68124e+11
-2.68937e+11
-2.69753e+11
-2.70574e+11
-2.71398e+11
-2.72227e+11
-2.73059e+11
-2.73895e+11
-2.74736e+11
-2.7558e+11
-2.76428e+11
-2.7728e+11
-2.78136e+11
-2.78997e+11
-2.79861e+11
-2.8073e+11
-2.81602e+11
-2.82479e+11
-2.8336e+11
-2.84245e+11
-2.85135e+11
-2.86029e+11
-2.86927e+11
-2.87829e+11
-2.88735e+11
-2.89646e+11
-2.90562e+11
-2.91481e+11
-2.92405e+11
-2.93333e+11
-2.94266e+11
-2.95204e+11
-2.96145e+11
-2.97091e+11
-2.98042e+11
-2.98997e+11
-2.99957e+11
-3.00921e+11
-3.0189e+11
-3.02863e+11
-3.03841e+11
-3.04824e+11
-3.05811e+11
-3.06803e+11
-3.07799e+11
-3.088e+11
-3.09806e+11
-3.10816e+11
-3.11831e+11
-3.12851e+11
-3.13875e+11
-3.14905e+11
-3.15938e+11
-3.16977e+11
-3.1802e+11
-3.19069e+11
-3.20121e+11
-3.21179e+11
-3.22241e+11
-3.23308e+11
-3.2438e+11
-3.25457e+11
-3.26538e+11
-3.27624e+11
-3.28715e+11
-3.29811e+11
-3.30911e+11
-3.32016e+11
-3.33126e+11
-3.34241e+11
-3.3536e+11
-3.36484e+11
-3.37613e+11
-3.38746e+11
-3.39885e+11
-3.41027e+11
-3.42175e+11
-3.43327e+11
-3.44484e+11
-3.45645e+11
-3.46811e+11
-3.47981e+11
-3.49156e+11
-3.50336e+11
-3.5152e+11
-3.52708e+11
-3.53901e+11
-3.55098e+11
-3.563e+11
-3.57506e+11
-3.58716e+11
-3.59931e+11
-3.6115e+11
-3.62373e+11
-3.636e+11
-3.64831e+11
-3.66066e+11
-3.67305e+11
-3.68549e+11
-3.69796e+11
-3.71046e+11
-3.72301e+11
-3.73559e+11
-3.74822e+11
-3.76087e+11
-3.77356e+11
-3.78629e+11
-3.79905e+11
-3.81184e+11
-3.82467e+11
-3.83752e+11
-3.85041e+11
-3.86333e+11
-3.87628e+11
-3.88925e+11
-3.90225e+11
-3.91528e+11
-3.92834e+11
-3.94142e+11
-3.95452e+11
-3.96764e+11
-3.98079e+11
-3.99395e+11
-4.00714e+11
-4.02034e+11
-4.03356e+11
-4.04679e+11
-4.06004e+11
-4.0733e+11
-4.08657e+11
-4.09985e+11
-4.11314e+11
-4.12644e+11
-4.13974e+11
-4.15305e+11
-4.16636e+11
-4.17967e+11
-4.19298e+11
-4.20629e+11
-4.21959e+11
-4.23289e+11
-4.24618e+11
-4.25947e+11
-4.27274e+11
-4.28599e+11
-4.29924e+11
-4.31246e+11
-4.32567e+11
-4.33886e+11
-4.35202e+11
-4.36516e+11
-4.37827e+11
-4.39135e+11
-4.40441e+11
-4.41742e+11
-4.4304e+11
-4.44334e+11
-4.45625e+11
-4.4691e+11
-4.48191e+11
-4.49468e+11
-4.50739e+11
-4.52005e+11
-4.53265e+11
-4.54519e+11
-4.55768e+11
-4.57009e+11
-4.58244e+11
-4.59472e+11
-4.60693e+11
-4.61906e+11
-4.63111e+11
-4.64308e+11
-4.65497e+11
-4.66676e+11
-4.67847e+11
-4.69008e+11
-4.70159e+11
-4.713e+11
-4.72431e+11
-4.73551e+11
-4.7466e+11
-4.75757e+11
-4.76843e+11
-4.77916e+11
-4.78977e+11
-4.80025e+11
-4.8106e+11
-4.82081e+11
-4.83088e+11
-4.8408e+11
-4.85058e+11
-4.86021e+11
-4.86969e+11
-4.879e+11
-4.88815e+11
-4.89714e+11
-4.90595e+11
-4.91459e+11
-4.92305e+11
-4.93133e+11
-4.93942e+11
-4.94731e+11
-4.95502e+11
-4.96252e+11
-4.96982e+11
-4.97691e+11
-4.98379e+11
-4.99045e+11
-4.99689e+11
-5.0031e+11
-5.00909e+11
-5.01484e+11
-5.02035e+11
-5.02561e+11
-5.03064e+11
-5.0354e+11
-5.03992e+11
-5.04417e+11
-5.04815e+11
-5.05187e+11
-5.05531e+11
-5.05847e+11
-5.06135e+11
-5.06394e+11
-5.06624e+11
-5.06824e+11
-5.06994e+11
-5.07133e+11
-5.07241e+11
-5.07318e+11
-5.07363e+11
-5.07375e+11
-5.07355e+11
-5.07301e+11
-5.07213e+11
-5.07092e+11
-5.06935e+11
-5.06744e+11
-5.06517e+11
-5.06254e+11
-5.05954e+11
-5.05618e+11
-5.05245e+11
-5.04834e+11
-5.04384e+11
-5.03897e+11
-5.0337e+11
-5.02804e+11
-5.02198e+11
-5.01552e+11
-5.00866e+11
-5.00138e+11
-4.9937e+11
-4.98559e+11
-4.97706e+11
-4.96811e+11
-4.95874e+11
-4.94893e+11
-4.93868e+11
-4.92799e+11
-4.91687e+11
-4.90529e+11
-4.89327e+11
-4.88079e+11
-4.86786e+11
-4.85448e+11
-4.84062e+11
-4.82631e+11
-4.81153e+11
-4.79627e+11
-4.78055e+11
-4.76435e+11
-4.74767e+11
-4.73051e+11
-4.71287e+11
-4.69474e+11
-4.67613e+11
-4.65702e+11
-4.63743e+11
-4.61734e+11
-4.59676e+11
-4.57569e+11
-4.55411e+11
-4.53204e+11
-4.50946e+11
-4.48638e+11
-4.4628e+11
-4.43872e+11
-4.41413e+11
-4.38904e+11
-4.36344e+11
-4.33734e+11
-4.31072e+11
-4.2836e+11
-4.25598e+11
-4.22784e+11
-4.1992e+11
-4.17005e+11
-4.1404e+11
-4.11024e+11
-4.07957e+11
-4.0484e+11
-4.01673e+11
-3.98455e+11
-3.95187e+11
-3.91869e+11
-3.88501e+11
-3.85084e+11
-3.81616e+11
-3.781e+11
-3.74534e+11
-3.70919e+11
-3.67256e+11
-3.63544e+11
-3.59784e+11
-3.55976e+11
-3.5212e+11
-3.48216e+11
-3.44266e+11
-3.40268e+11
-3.36225e+11
-3.32135e+11
-3.27999e+11
-3.23818e+11
-3.19592e+11
-3.15322e+11
-3.11007e+11
-3.06649e+11
-3.02247e+11
-2.97802e+11
-2.93316e+11
-2.88787e+11
-2.84217e+11
-2.79606e+11
-2.74954e+11
-2.70263e+11
-2.65533e+11
-2.60764e+11
-2.55956e+11
-2.51111e+11
-2.4623e+11
-2.41312e+11
-2.36358e+11
-2.31369e+11
-2.26346e+11
-2.21289e+11
-2.16198e+11
-2.11076e+11
-2.05921e+11
-2.00736e+11
-1.9552e+11
-1.90275e+11
-1.85001e+11
-1.79698e+11
-1.74368e+11
-1.69012e+11
-1.6363e+11
-1.58222e+11
-1.52791e+11
-1.47335e+11
-1.41857e+11
-1.36358e+11
-1.30837e+11
-1.25295e+11
-1.19735e+11
-1.14156e+11
-1.08559e+11
-1.02945e+11
-9.73147e+10
-9.16695e+10
-8.601e+10
-8.03371e+10
-7.46515e+10
-6.89543e+10
-6.32463e+10
-5.75283e+10
-5.18013e+10
-4.60661e+10
-4.03237e+10
-3.4575e+10
-2.88208e+10
-2.30621e+10
-1.72998e+10
-1.15347e+10
-5.7678e+09
-0.0011918
