2048 1 1
1.91979e-10 5.43e-10 5.43e-10
13.7457
13.7455
13.7446
13.7433
13.7414
13.739
13.736
13.7325
13.7284
13.7238
13.7187
13.713
13.7068
13.7001
13.6928
13.685
13.6767
13.6678
13.6585
13.6485
13.6381
13.6271
13.6156
13.6036
13.5911
13.5781
13.5645
13.5504
13.5358
13.5207
13.5051
13.489
13.4724
13.4553
13.4377
13.4196
13.4011
13.382
13.3624
13.3424
13.3219
13.3009
13.2794
13.2575
13.2351
13.2122
13.1889
13.1651
13.1409
13.1162
13.0911
13.0655
13.0395
13.0131
12.9862
12.9589
12.9312
12.9031
12.8745
12.8455
12.8162
12.7864
12.7562
12.7257
12.6947
12.6634
12.6316
12.5995
12.5671
12.5342
12.501
12.4675
12.4335
12.3993
12.3647
12.3297
12.2944
12.2588
12.2228
12.1865
12.15
12.113
12.0758
12.0383
12.0005
11.9624
11.924
11.8853
11.8463
11.8071
11.7675
11.7278
11.6877
11.6474
11.6069
11.5661
11.525
11.4837
11.4422
11.4005
11.3585
11.3163
11.2739
11.2313
11.1885
11.1455
11.1023
11.0589
11.0153
10.9715
10.9276
10.8835
10.8392
10.7948
10.7501
10.7054
10.6605
10.6154
10.5702
10.5249
10.4794
10.4338
10.3881
10.3423
10.2963
10.2503
10.2041
10.1579
10.1115
10.065
10.0185
9.97184
9.92512
9.87833
9.83146
9.78452
9.73751
9.69044
9.64332
9.59613
9.5489
9.50162
9.45429
9.40693
9.35952
9.31209
9.26462
9.21713
9.16961
9.12208
9.07453
9.02697
8.97939
8.93181
8.88423
8.83664
8.78906
8.74149
8.69392
8.64636
8.59882
8.5513
8.50379
8.45631
8.40886
8.36143
8.31404
8.26667
8.21935
8.17206
8.12481
8.07761
8.03045
7.98335
7.93629
7.88928
7.84233
7.79544
7.74861
7.70183
7.65512
7.60848
7.56191
7.5154
7.46896
7.4226
7.37632
7.33011
7.28397
7.23792
7.19195
7.14607
7.10027
7.05455
7.00892
6.96339
6.91794
6.87259
6.82733
6.78216
6.7371
6.69213
6.64725
6.60248
6.55781
6.51324
6.46878
6.42442
6.38017
6.33602
6.29198
6.24805
6.20422
6.16051
6.11691
6.07342
6.03004
5.98678
5.94363
5.9006
5.85768
5.81487
5.77219
5.72962
5.68717
5.64484
5.60262
5.56053
5.51856
5.4767
5.43497
5.39336
5.35187
5.3105
5.26925
5.22813
5.18713
5.14625
5.1055
5.06487
5.02436
4.98398
4.94372
4.90358
4.86357
4.82369
4.78393
4.74429
4.70478
4.66539
4.62613
4.587
4.54798
4.5091
4.47033
4.4317
4.39318
4.35479
4.31653
4.27839
4.24038
4.20248
4.16472
4.12707
4.08956
4.05216
4.01489
3.97774
3.94071
3.90381
3.86703
3.83037
3.79383
3.75742
3.72112
3.68495
3.6489
3.61297
3.57716
3.54147
3.5059
3.47045
3.43512
3.39991
3.36481
3.32984
3.29498
3.26024
3.22562
3.19111
3.15672
3.12245
3.08829
3.05425
3.02032
2.9865
2.95281
2.91922
2.88575
2.85239
2.81914
2.78601
2.75298
2.72007
2.68727
2.65458
2.622
2.58953
2.55716
2.52491
2.49277
2.46073
2.4288
2.39698
2.36526
2.33365
2.30214
2.27074
2.23945
2.20826
2.17717
2.14619
2.11531
2.08453
2.05386
2.02328
1.99281
1.96244
1.93217
1.90199
1.87192
1.84195
1.81207
1.7823
1.75262
1.72304
1.69355
1.66416
1.63487
1.60567
1.57657
1.54756
1.51865
1.48983
1.4611
1.43246
1.40392
1.37547
1.34711
1.31885
1.29067
1.26258
1.23459
1.20668
1.17886
1.15113
1.12349
1.09593
1.06847
1.04109
1.01379
0.986585
0.959463
0.932426
0.905474
0.878607
0.851823
0.825123
0.798507
0.771973
0.745522
0.719152
0.692865
0.666658
0.640533
0.614488
0.588523
0.562637
0.536832
0.511105
0.485456
0.459886
0.434394
0.40898
0.383642
0.358382
0.333197
0.308089
0.283057
0.258099
0.233217
0.20841
0.183676
0.159017
0.134432
0.109919
0.0854798
0.061113
0.0368185
0.0125959
-0.0115551
-0.0356348
-0.0596436
-0.0835818
-0.10745
-0.131247
-0.154976
-0.178634
-0.202224
-0.225745
-0.249198
-0.272582
-0.295899
-0.319148
-0.34233
-0.365445
-0.388493
-0.411475
-0.434391
-0.457242
-0.480026
-0.502746
-0.525401
-0.547991
-0.570516
-0.592978
-0.615376
-0.63771
-0.659982
-0.68219
-0.704335
-0.726418
-0.748439
-0.770398
-0.792295
-0.814131
-0.835906
-0.85762
-0.879273
-0.900866
-0.922398
-0.943871
-0.965284
-0.986638
-1.00793
-1.02917
-1.05034
-1.07146
-1.09252
-1.11353
-1.13447
-1.15536
-1.17619
-1.19696
-1.21767
-1.23833
-1.25893
-1.27948
-1.29997
-1.3204
-1.34078
-1.36111
-1.38137
-1.40159
-1.42175
-1.44185
-1.4619
-1.48189
-1.50184
-1.52172
-1.54156
-1.56134
-1.58106
-1.60074
-1.62036
-1.63993
-1.65945
-1.67891
-1.69832
-1.71768
-1.73699
-1.75625
-1.77545
-1.79461
-1.81371
-1.83276
-1.85176
-1.87072
-1.88962
-1.90847
-1.92727
-1.94602
-1.96472
-1.98337
-2.00197
-2.02053
-2.03903
-2.05749
-2.07589
-2.09425
-2.11256
-2.13082
-2.14903
-2.1672
-2.18531
-2.20338
-2.22141
-2.23938
-2.25731
-2.27519
-2.29302
-2.31081
-2.32854
-2.34624
-2.36388
-2.38148
-2.39904
-2.41654
-2.43401
-2.45142
-2.46879
-2.48612
-2.50339
-2.52063
-2.53782
-2.55496
-2.57206
-2.58911
-2.60612
-2.62308
-2.64
-2.65688
-2.67371
-2.6905
-2.70724
-2.72394
-2.74059
-2.75721
-2.77377
-2.7903
-2.80678
-2.82322
-2.83961
-2.85596
-2.87227
-2.88854
-2.90476
-2.92094
-2.93708
-2.95317
-2.96923
-2.98524
-3.0012
-3.01713
-3.03301
-3.04886
-3.06466
-3.08042
-3.09613
-3.11181
-3.12744
-3.14304
-3.15859
-3.1741
-3.18957
-3.205
-3.22038
-3.23573
-3.25103
-3.2663
-3.28152
-3.29671
-3.31185
-3.32695
-3.34202
-3.35704
-3.37202
-3.38696
-3.40187
-3.41673
-3.43155
-3.44633
-3.46108
-3.47578
-3.49045
-3.50507
-3.51965
-3.5342
-3.54871
-3.56317
-3.5776
-3.59199
-3.60634
-3.62065
-3.63492
-3.64916
-3.66335
-3.67751
-3.69163
-3.70571
-3.71975
-3.73375
-3.74771
-3.76164
-3.77552
-3.78937
-3.80318
-3.81696
-3.83069
-3.84439
-3.85805
-3.87167
-3.88525
-3.8988
-3.9123
-3.92577
-3.93921
-3.9526
-3.96596
-3.97928
-3.99256
-4.00581
-4.01902
-4.03219
-4.04532
-4.05842
-4.07148
-4.0845
-4.09749
-4.11043
-4.12335
-4.13622
-4.14906
-4.16186
-4.17463
-4.18735
-4.20005
-4.2127
-4.22532
-4.2379
-4.25045
-4.26296
-4.27543
-4.28787
-4.30027
-4.31263
-4.32496
-4.33725
-4.34951
-4.36173
-4.37391
-4.38606
-4.39817
-4.41025
-4.42229
-4.43429
-4.44626
-4.45819
-4.47009
-4.48195
-4.49378
-4.50557
-4.51732
-4.52904
-4.54073
-4.55238
-4.56399
-4.57557
-4.58711
-4.59862
-4.61009
-4.62152
-4.63293
-4.64429
-4.65562
-4.66692
-4.67818
-4.6894
-4.7006
-4.71175
-4.72287
-4.73396
-4.74501
-4.75602
-4.76701
-4.77795
-4.78886
-4.79974
-4.81058
-4.82139
-4.83216
-4.8429
-4.8536
-4.86427
-4.87491
-4.88551
-4.89607
-4.9066
-4.9171
-4.92756
-4.93799
-4.94838
-4.95874
-4.96907
-4.97936
-4.98961
-4.99984
-5.01002
-5.02018
-5.0303
-5.04038
-5.05043
-5.06045
-5.07043
-5.08038
-5.0903
-5.10018
-5.11002
-5.11984
-5.12962
-5.13936
-5.14907
-5.15875
-5.16839
-5.178
-5.18758
-5.19712
-5.20663
-5.21611
-5.22555
-5.23495
-5.24433
-5.25367
-5.26297
-5.27225
-5.28149
-5.29069
-5.29986
-5.309
-5.31811
-5.32718
-5.33622
-5.34522
-5.35419
-5.36313
-5.37204
-5.38091
-5.38974
-5.39855
-5.40732
-5.41606
-5.42476
-5.43343
-5.44207
-5.45068
-5.45925
-5.46778
-5.47629
-5.48476
-5.4932
-5.50161
-5.50998
-5.51832
-5.52662
-5.5349
-5.54314
-5.55135
-5.55952
-5.56766
-5.57577
-5.58384
-5.59189
-5.5999
-5.60787
-5.61582
-5.62373
-5.6316
-5.63945
-5.64726
-5.65504
-5.66279
-5.6705
-5.67818
-5.68583
-5.69345
-5.70103
-5.70858
-5.71609
-5.72358
-5.73103
-5.73845
-5.74584
-5.75319
-5.76051
-5.7678
-5.77506
-5.78228
-5.78947
-5.79663
-5.80375
-5.81085
-5.81791
-5.82493
-5.83193
-5.83889
-5.84582
-5.85272
-5.85959
-5.86642
-5.87322
-5.87999
-5.88672
-5.89343
-5.9001
-5.90674
-5.91334
-5.91992
-5.92646
-5.93297
-5.93945
-5.94589
-5.9523
-5.95868
-5.96503
-5.97135
-5.97763
-5.98388
-5.9901
-5.99629
-6.00244
-6.00856
-6.01465
-6.02071
-6.02674
-6.03273
-6.03869
-6.04462
-6.05052
-6.05638
-6.06222
-6.06802
-6.07379
-6.07952
-6.08523
-6.0909
-6.09654
-6.10215
-6.10772
-6.11327
-6.11878
-6.12426
-6.12971
-6.13513
-6.14051
-6.14586
-6.15118
-6.15647
-6.16173
-6.16695
-6.17214
-6.17731
-6.18243
-6.18753
-6.1926
-6.19763
-6.20263
-6.2076
-6.21254
-6.21744
-6.22232
-6.22716
-6.23197
-6.23675
-6.24149
-6.24621
-6.25089
-6.25554
-6.26016
-6.26475
-6.26931
-6.27383
-6.27832
-6.28278
-6.28721
-6.29161
-6.29597
-6.30031
-6.30461
-6.30888
-6.31312
-6.31732
-6.3215
-6.32564
-6.32975
-6.33383
-6.33788
-6.3419
-6.34589
-6.34984
-6.35376
-6.35765
-6.36151
-6.36534
-6.36913
-6.3729
-6.37663
-6.38033
-6.384
-6.38764
-6.39124
-6.39482
-6.39836
-6.40187
-6.40535
-6.4088
-6.41221
-6.4156
-6.41895
-6.42227
-6.42557
-6.42882
-6.43205
-6.43525
-6.43841
-6.44154
-6.44465
-6.44772
-6.45075
-6.45376
-6.45674
-6.45968
-6.46259
-6.46548
-6.46832
-6.47114
-6.47393
-6.47669
-6.47941
-6.4821
-6.48476
-6.48739
-6.48999
-6.49256
-6.49509
-6.4976
-6.50007
-6.50251
-6.50492
-6.5073
-6.50965
-6.51196
-6.51425
-6.5165
-6.51872
-6.52091
-6.52307
-6.5252
-6.52729
-6.52936
-6.53139
-6.53339
-6.53536
-6.5373
-6.53921
-6.54109
-6.54293
-6.54475
-6.54653
-6.54828
-6.55
-6.55169
-6.55335
-6.55497
-6.55657
-6.55813
-6.55966
-6.56117
-6.56263
-6.56407
-6.56548
-6.56686
-6.5682
-6.56951
-6.57079
-6.57205
-6.57326
-6.57445
-6.57561
-6.57673
-6.57783
-6.57889
-6.57992
-6.58092
-6.58189
-6.58283
-6.58374
-6.58461
-6.58545
-6.58627
-6.58705
-6.5878
-6.58852
-6.58921
-6.58986
-6.59049
-6.59108
-6.59164
-6.59217
-6.59267
-6.59314
-6.59358
-6.59399
-6.59436
-6.59471
-6.59502
-6.5953
-6.59555
-6.59577
-6.59596
-6.59611
-6.59624
-6.59633
-6.59639
-6.59642
-6.59642
-6.59639
-6.59633
-6.59624
-6.59611
-6.59596
-6.59577
-6.59555
-6.5953
-6.59502
-6.59471
-6.59436
-6.59399
-6.59358
-6.59314
-6.59267
-6.59217
-6.59164
-6.59108
-6.59049
-6.58986
-6.58921
-6.58852
-6.5878
-6.58705
-6.58627
-6.58545
-6.58461
-6.58374
-6.58283
-6.58189
-6.58092
-6.57992
-6.57889
-6.57783
-6.57673
-6.57561
-6.57445
-6.57326
-6.57205
-6.57079
-6.56951
-6.5682
-6.56686
-6.56548
-6.56407
-6.56263
-6.56117
-6.55966
-6.55813
-6.55657
-6.55497
-6.55335
-6.55169
-6.55
-6.54828
-6.54653
-6.54475
-6.54293
-6.54109
-6.53921
-6.5373
-6.53536
-6.53339
-6.53139
-6.52936
-6.52729
-6.5252
-6.52307
-6.52091
-6.51872
-6.5165
-6.51425
-6.51196
-6.50965
-6.5073
-6.50492
-6.50251
-6.50007
-6.4976
-6.49509
-6.49256
-6.48999
-6.48739
-6.48476
-6.4821
-6.47941
-6.47669
-6.47393
-6.47114
-6.46832
-6.46548
-6.46259
-6.45968
-6.45674
-6.45376
-6.45075
-6.44772
-6.44465
-6.44154
-6.43841
-6.43525
-6.43205
-6.42882
-6.42557
-6.42227
-6.41895
-6.4156
-6.41221
-6.4088
-6.40535
-6.40187
-6.39836
-6.39482
-6.39124
-6.38764
-6.384
-6.38033
-6.37663
-6.3729
-6.36913
-6.36534
-6.36151
-6.35765
-6.35376
-6.34984
-6.34589
-6.3419
-6.33788
-6.33383
-6.32975
-6.32564
-6.3215
-6.31732
-6.31312
-6.30888
-6.30461
-6.30031
-6.29597
-6.29161
-6.28721
-6.28278
-6.27832
-6.27383
-6.26931
-6.26475
-6.26016
-6.25554
-6.25089
-6.24621
-6.24149
-6.23675
-6.23197
-6.22716
-6.22232
-6.21744
-6.21254
-6.2076
-6.20263
-6.19763
-6.1926
-6.18753
-6.18243
-6.17731
-6.17214
-6.16695
-6.16173
-6.15647
-6.15118
-6.14586
-6.14051
-6.13513
-6.12971
-6.12426
-6.11878
-6.11327
-6.10772
-6.10215
-6.09654
-6.0909
-6.08523
-6.07952
-6.07379
-6.06802
-6.06222
-6.05638
-6.05052
-6.04462
-6.03869
-6.03273
-6.02674
-6.02071
-6.01465
-6.00856
-6.00244
-5.99629
-5.9901
-5.98388
-5.97763
-5.97135
-5.96503
-5.95868
-5.9523
-5.94589
-5.93945
-5.93297
-5.92646
-5.91992
-5.91334
-5.90674
-5.9001
-5.89343
-5.88672
-5.87999
-5.87322
-5.86642
-5.85959
-5.85272
-5.84582
-5.83889
-5.83193
-5.82493
-5.81791
-5.81085
-5.80375
-5.79663
-5.78947
-5.78228
-5.77506
-5.7678
-5.76051
-5.75319
-5.74584
-5.73845
-5.73103
-5.72358
-5.71609
-5.70858
-5.70103
-5.69345
-5.68583
-5.67818
-5.6705
-5.66279
-5.65504
-5.64726
-5.63945
-5.6316
-5.62373
-5.61582
-5.60787
-5.5999
-5.59189
-5.58384
-5.57577
-5.56766
-5.55952
-5.55135
-5.54314
-5.5349
-5.52662
-5.51832
-5.50998
-5.50161
-5.4932
-5.48476
-5.47629
-5.46778
-5.45925
-5.45068
-5.44207
-5.43343
-5.42476
-5.41606
-5.40732
-5.39855
-5.38974
-5.38091
-5.37204
-5.36313
-5.35419
-5.34522
-5.33622
-5.32718
-5.31811
-5.309
-5.29986
-5.29069
-5.28149
-5.27225
-5.26297
-5.25367
-5.24433
-5.23495
-5.22555
-5.21611
-5.20663
-5.19712
-5.18758
-5.178
-5.16839
-5.15875
-5.14907
-5.13936
-5.12962
-5.11984
-5.11002
-5.10018
-5.0903
-5.08038
-5.07043
-5.06045
-5.05043
-5.04038
-5.0303
-5.02018
-5.01002
-4.99984
-4.98961
-4.97936
-4.96907
-4.95874
-4.94838
-4.93799
-4.92756
-4.9171
-4.9066
-4.89607
-4.88551
-4.87491
-4.86427
-4.8536
-4.8429
-4.83216
-4.82139
-4.81058
-4.79974
-4.78886
-4.77795
-4.76701
-4.75602
-4.74501
-4.73396
-4.72287
-4.71175
-4.7006
-4.6894
-4.67818
-4.66692
-4.65562
-4.64429
-4.63293
-4.62152
-4.61009
-4.59862
-4.58711
-4.57557
-4.56399
-4.55238
-4.54073
-4.52904
-4.51732
-4.50557
-4.49378
-4.48195
-4.47009
-4.45819
-4.44626
-4.43429
-4.42229
-4.41025
-4.39817
-4.38606
-4.37391
-4.36173
-4.34951
-4.33725
-4.32496
-4.31263
-4.30027
-4.28787
-4.27543
-4.26296
-4.25045
-4.2379
-4.22532
-4.2127
-4.20005
-4.18735
-4.17463
-4.16186
-4.14906
-4.13622
-4.12335
-4.11043
-4.09749
-4.0845
-4.07148
-4.05842
-4.04532
-4.03219
-4.01902
-4.00581
-3.99256
-3.97928
-3.96596
-3.9526
-3.93921
-3.92577
-3.9123
-3.8988
-3.88525
-3.87167
-3.85805
-3.84439
-3.83069
-3.81696
-3.80318
-3.78937
-3.77552
-3.76164
-3.74771
-3.73375
-3.71975
-3.70571
-3.69163
-3.67751
-3.66335
-3.64916
-3.63492
-3.62065
-3.60634
-3.59199
-3.5776
-3.56317
-3.54871
-3.5342
-3.51965
-3.50507
-3.49045
-3.47578
-3.46108
-3.44633
-3.43155
-3.41673
-3.40187
-3.38696
-3.37202
-3.35704
-3.34202
-3.32695
-3.31185
-3.29671
-3.28152
-3.2663
-3.25103
-3.23573
-3.22038
-3.205
-3.18957
-3.1741
-3.15859
-3.14304
-3.12744
-3.11181
-3.09613
-3.08042
-3.06466
-3.04886
-3.03301
-3.01713
-3.0012
-2.98524
-2.96923
-2.95317
-2.93708
-2.92094
-2.90476
-2.88854
-2.87227
-2.85596
-2.83961
-2.82322
-2.80678
-2.7903
-2.77377
-2.75721
-2.74059
-2.72394
-2.70724
-2.6905
-2.67371
-2.65688
-2.64
-2.62308
-2.60612
-2.58911
-2.57206
-2.55496
-2.53782
-2.52063
-2.50339
-2.48612
-2.46879
-2.45142
-2.43401
-2.41654
-2.39904
-2.38148
-2.36388
-2.34624
-2.32854
-2.31081
-2.29302
-2.27519
-2.25731
-2.23938
-2.22141
-2.20338
-2.18531
-2.1672
-2.14903
-2.13082
-2.11256
-2.09425
-2.07589
-2.05749
-2.03903
-2.02053
-2.00197
-1.98337
-1.96472
-1.94602
-1.92727
-1.90847
-1.88962
-1.87072
-1.85176
-1.83276
-1.81371
-1.79461
-1.77545
-1.75625
-1.73699
-1.71768
-1.69832
-1.67891
-1.65945
-1.63993
-1.62036
-1.60074
-1.58106
-1.56134
-1.54156
-1.52172
-1.50184
-1.48189
-1.4619
-1.44185
-1.42175
-1.40159
-1.38137
-1.36111
-1.34078
-1.3204
-1.29997
-1.27948
-1.25893
-1.23833
-1.21767
-1.19696
-1.17619
-1.15536
-1.13447
-1.11353
-1.09252
-1.07146
-1.05034
-1.02917
-1.00793
-0.986638
-0.965284
-0.943871
-0.922398
-0.900866
-0.879273
-0.85762
-0.835906
-0.814131
-0.792295
-0.770398
-0.748439
-0.726418
-0.704335
-0.68219
-0.659982
-0.63771
-0.615376
-0.592978
-0.570516
-0.547991
-0.525401
-0.502746
-0.480026
-0.457242
-0.434391
-0.411475
-0.388493
-0.365445
-0.34233
-0.319148
-0.295899
-0.272582
-0.249198
-0.225745
-0.202224
-0.178634
-0.154976
-0.131247
-0.10745
-0.0835818
-0.0596436
-0.0356348
-0.0115551
0.0125959
0.0368185
0.061113
0.0854798
0.109919
0.134432
0.159017
0.183676
0.20841
0.233217
0.258099
0.283057
0.308089
0.333197
0.358382
0.383642
0.40898
0.434394
0.459886
0.485456
0.511105
0.536832
0.562637
0.588523
0.614488
0.640533
0.666658
0.692865
0.719152
0.745522
0.771973
0.798507
0.825123
0.851823
0.878607
0.905474
0.932426
0.959463
0.986585
1.01379
1.04109
1.06847
1.09593
1.12349
1.15113
1.17886
1.20668
1.23459
1.26258
1.29067
1.31885
1.34711
1.37547
1.40392
1.43246
1.4611
1.48983
1.51865
1.54756
1.57657
1.60567
1.63487
1.66416
1.69355
1.72304
1.75262
1.7823
1.81207
1.84195
1.87192
1.90199
1.93217
1.96244
1.99281
2.02328
2.05386
2.08453
2.11531
2.14619
2.17717
2.20826
2.23945
2.27074
2.30214
2.33365
2.36526
2.39698
2.4288
2.46073
2.49277
2.52491
2.55716
2.58953
2.622
2.65458
2.68727
2.72007
2.75298
2.78601
2.81914
2.85239
2.88575
2.91922
2.95281
2.9865
3.02032
3.05425
3.08829
3.12245
3.15672
3.19111
3.22562
3.26024
3.29498
3.32984
3.36481
3.39991
3.43512
3.47045
3.5059
3.54147
3.57716
3.61297
3.6489
3.68495
3.72112
3.75742
3.79383
3.83037
3.86703
3.90381
3.94071
3.97774
4.01489
4.05216
4.08956
4.12707
4.16472
4.20248
4.24038
4.27839
4.31653
4.35479
4.39318
4.4317
4.47033
4.5091
4.54798
4.587
4.62613
4.66539
4.70478
4.74429
4.78393
4.82369
4.86357
4.90358
4.94372
4.98398
5.02436
5.06487
5.1055
5.14625
5.18713
5.22813
5.26925
5.3105
5.35187
5.39336
5.43497
5.4767
5.51856
5.56053
5.60262
5.64484
5.68717
5.72962
5.77219
5.81487
5.85768
5.9006
5.94363
5.98678
6.03004
6.07342
6.11691
6.16051
6.20422
6.24805
6.29198
6.33602
6.38017
6.42442
6.46878
6.51324
6.55781
6.60248
6.64725
6.69213
6.7371
6.78216
6.82733
6.87259
6.91794
6.96339
7.00892
7.05455
7.10027
7.14607
7.19195
7.23792
7.28397
7.33011
7.37632
7.4226
7.46896
7.5154
7.56191
7.60848
7.65512
7.70183
7.74861
7.79544
7.84233
7.88928
7.93629
7.98335
8.03045
8.07761
8.12481
8.17206
8.21935
8.26667
8.31404
8.36143
8.40886
8.45631
8.50379
8.5513
8.59882
8.64636
8.69392
8.74149
8.78906
8.83664
8.88423
8.93181
8.97939
9.02697
9.07453
9.12208
9.16961
9.21713
9.26462
9.31209
9.35952
9.40693
9.45429
9.50162
9.5489
9.59613
9.64332
9.69044
9.73751
9.78452
9.83146
9.87833
9.92512
9.97184
10.0185
10.065
10.1115
10.1579
10.2041
10.2503
10.2963
10.3423
10.3881
10.4338
10.4794
10.5249
10.5702
10.6154
10.6605
10.7054
10.7501
10.7948
10.8392
10.8835
10.9276
10.9715
11.0153
11.0589
11.1023
11.1455
11.1885
11.2313
11.2739
11.3163
11.3585
11.4005
11.4422
11.4837
11.525
11.5661
11.6069
11.6474
11.6877
11.7278
11.7675
11.8071
11.8463
11.8853
11.924
11.9624
12.0005
12.0383
12.0758
12.113
12.15
12.1865
12.2228
12.2588
12.2944
12.3297
12.3647
12.3993
12.4335
12.4675
12.501
12.5342
12.5671
12.5995
12.6316
12.6634
12.6947
12.7257
12.7562
12.7864
12.8162
12.8455
12.8745
12.9031
12.9312
12.9589
12.9862
13.0131
13.0395
13.0655
13.0911
13.1162
13.1409
13.1651
13.1889
13.2122
13.2351
13.2575
13.2794
13.3009
13.3219
13.3424
13.3624
13.382
13.4011
13.4196
13.4377
13.4553
13.4724
13.489
13.5051
13.5207
13.5358
13.5504
13.5645
13.5781
13.5911
13.6036
13.6156
13.6271
13.6381
13.6485
13.6585
13.6678
13.6767
13.685
13.6928
13.7001
13.7068
13.713
13.7187
13.7238
13.7284
13.7325
13.736
13.739
13.7414
13.7433
13.7446
13.7455
13.7457
