2048 1 1
1.91979e-10 5.43e-10 5.43e-10
3.65134
3.65126
3.65102
3.65062
3.65007
3.64936
3.64848
3.64746
3.64627
3.64493
3.64343
3.64177
3.63995
3.63798
3.63586
3.63358
3.63114
3.62855
3.62581
3.62291
3.61986
3.61666
3.61331
3.6098
3.60615
3.60235
3.5984
3.5943
3.59005
3.58566
3.58113
3.57645
3.57163
3.56666
3.56156
3.55631
3.55093
3.5454
3.53974
3.53395
3.52802
3.52195
3.51576
3.50943
3.50298
3.49639
3.48968
3.48284
3.47588
3.46879
3.46159
3.45426
3.44681
3.43925
3.43156
3.42377
3.41586
3.40784
3.39971
3.39147
3.38312
3.37466
3.36611
3.35744
3.34868
3.33982
3.33086
3.3218
3.31265
3.30341
3.29407
3.28465
3.27513
3.26553
3.25584
3.24607
3.23622
3.22629
3.21628
3.20619
3.19603
3.18579
3.17549
3.16511
3.15466
3.14415
3.13357
3.12292
3.11222
3.10145
3.09063
3.07975
3.06881
3.05783
3.04678
3.03569
3.02455
3.01336
3.00213
2.99085
2.97953
2.96817
2.95677
2.94533
2.93386
2.92235
2.9108
2.89923
2.88763
2.87599
2.86433
2.85265
2.84094
2.82921
2.81746
2.80568
2.79389
2.78208
2.77026
2.75842
2.74657
2.73471
2.72284
2.71095
2.69907
2.68717
2.67527
2.66337
2.65146
2.63955
2.62764
2.61574
2.60383
2.59193
2.58003
2.56814
2.55626
2.54438
2.53251
2.52065
2.50881
2.49697
2.48515
2.47334
2.46155
2.44977
2.43801
2.42627
2.41454
2.40284
2.39116
2.37949
2.36785
2.35623
2.34464
2.33307
2.32152
2.31001
2.29851
2.28705
2.27561
2.2642
2.25282
2.24147
2.23016
2.21887
2.20761
2.19639
2.1852
2.17404
2.16292
2.15183
2.14078
2.12976
2.11878
2.10783
2.09693
2.08606
2.07522
2.06443
2.05367
2.04295
2.03227
2.02163
2.01103
2.00048
1.98996
1.97948
1.96904
1.95865
1.94829
1.93798
1.92771
1.91748
1.9073
1.89716
1.88706
1.877
1.86699
1.85702
1.84709
1.83721
1.82737
1.81757
1.80782
1.79811
1.78845
1.77883
1.76926
1.75973
1.75024
1.7408
1.7314
1.72205
1.71275
1.70348
1.69426
1.68509
1.67596
1.66688
1.65784
1.64884
1.63989
1.63099
1.62212
1.61331
1.60453
1.59581
1.58712
1.57848
1.56989
1.56133
1.55283
1.54436
1.53594
1.52757
1.51923
1.51094
1.5027
1.4945
1.48634
1.47822
1.47015
1.46212
1.45413
1.44619
1.43828
1.43042
1.42261
1.41483
1.4071
1.39941
1.39176
1.38415
1.37659
1.36906
1.36158
1.35413
1.34673
1.33937
1.33205
1.32477
1.31753
1.31034
1.30318
1.29606
1.28898
1.28194
1.27494
1.26798
1.26106
1.25418
1.24733
1.24053
1.23376
1.22704
1.22035
1.2137
1.20708
1.20051
1.19397
1.18747
1.18101
1.17458
1.16819
1.16184
1.15553
1.14925
1.14301
1.1368
1.13063
1.1245
1.1184
1.11234
1.10631
1.10032
1.09437
1.08845
1.08256
1.07671
1.0709
1.06511
1.05937
1.05365
1.04798
1.04233
1.03672
1.03114
1.0256
1.02009
1.01461
1.00917
1.00376
0.998383
0.993038
0.987725
0.982445
0.977197
0.971982
0.966798
0.961647
0.956527
0.951439
0.946382
0.941357
0.936362
0.931399
0.926467
0.921566
0.916695
0.911855
0.907046
0.902267
0.897518
0.892799
0.888109
0.88345
0.878821
0.874221
0.86965
0.865109
0.860596
0.856113
0.851659
0.847234
0.842837
0.838469
0.834129
0.829817
0.825534
0.821279
0.817051
0.812852
0.80868
0.804536
0.800419
0.796329
0.792267
0.788232
0.784223
0.780242
0.776287
0.772359
0.768457
0.764582
0.760733
0.75691
0.753113
0.749342
0.745596
0.741876
0.738182
0.734513
0.73087
0.727251
0.723658
0.72009
0.716546
0.713027
0.709533
0.706063
0.702618
0.699196
0.695799
0.692426
0.689077
0.685751
0.682449
0.679171
0.675916
0.672684
0.669476
0.66629
0.663128
0.659988
0.656871
0.653777
0.650705
0.647655
0.644628
0.641623
0.63864
0.635679
0.632739
0.629822
0.626925
0.624051
0.621197
0.618365
0.615554
0.612764
0.609995
0.607246
0.604518
0.601811
0.599124
0.596458
0.593811
0.591185
0.588579
0.585992
0.583425
0.580878
0.578351
0.575843
0.573354
0.570884
0.568433
0.566002
0.563589
0.561195
0.558819
0.556463
0.554124
0.551804
0.549502
0.547218
0.544952
0.542704
0.540473
0.538261
0.536065
0.533888
0.531727
0.529584
0.527458
0.525348
0.523256
0.521181
0.519122
0.517079
0.515054
0.513044
0.511051
0.509074
0.507113
0.505168
0.503238
0.501325
0.499427
0.497544
0.495677
0.493826
0.491989
0.490168
0.488361
0.48657
0.484793
0.483031
0.481284
0.479551
0.477833
0.476128
0.474438
0.472762
0.471101
0.469453
0.467818
0.466198
0.464591
0.462998
0.461418
0.459851
0.458298
0.456758
0.455231
0.453716
0.452215
0.450726
0.44925
0.447787
0.446336
0.444897
0.443471
0.442057
0.440655
0.439265
0.437887
0.436521
0.435167
0.433824
0.432493
0.431173
0.429865
0.428568
0.427282
0.426008
0.424744
0.423492
0.42225
0.421019
0.419799
0.41859
0.417391
0.416202
0.415024
0.413856
0.412699
0.411551
0.410414
0.409286
0.408169
0.407061
0.405963
0.404875
0.403796
0.402727
0.401667
0.400617
0.399576
0.398544
0.397521
0.396507
0.395502
0.394507
0.393519
0.392541
0.391572
0.390611
0.389658
0.388714
0.387779
0.386851
0.385932
0.385021
0.384119
0.383224
0.382337
0.381459
0.380588
0.379725
0.378869
0.378021
0.377181
0.376348
0.375523
0.374705
0.373895
0.373092
0.372295
0.371506
0.370725
0.36995
0.369182
0.368421
0.367667
0.366919
0.366178
0.365444
0.364717
0.363996
0.363281
0.362573
0.361871
0.361176
0.360487
0.359804
0.359127
0.358456
0.357791
0.357132
0.35648
0.355832
0.355191
0.354556
0.353926
0.353302
0.352683
0.35207
0.351463
0.350861
0.350264
0.349673
0.349087
0.348506
0.34793
0.34736
0.346795
0.346234
0.345679
0.345129
0.344583
0.344043
0.343507
0.342976
0.34245
0.341928
0.341412
0.340899
0.340392
0.339888
0.33939
0.338895
0.338406
0.33792
0.337439
0.336962
0.336489
0.33602
0.335556
0.335096
0.334639
0.334187
0.333739
0.333295
0.332854
0.332418
0.331985
0.331556
0.331131
0.33071
0.330292
0.329878
0.329467
0.32906
0.328657
0.328257
0.327861
0.327468
0.327079
0.326693
0.32631
0.32593
0.325554
0.325181
0.324812
0.324445
0.324082
0.323722
0.323365
0.323011
0.322659
0.322311
0.321966
0.321624
0.321285
0.320949
0.320615
0.320285
0.319957
0.319632
0.31931
0.31899
0.318673
0.318359
0.318047
0.317738
0.317432
0.317128
0.316827
0.316528
0.316232
0.315938
0.315646
0.315357
0.315071
0.314787
0.314505
0.314225
0.313948
0.313673
0.3134
0.31313
0.312861
0.312595
0.312331
0.31207
0.31181
0.311552
0.311297
0.311043
0.310792
0.310542
0.310295
0.31005
0.309806
0.309565
0.309325
0.309087
0.308851
0.308617
0.308385
0.308155
0.307926
0.3077
0.307475
0.307252
0.30703
0.306811
0.306593
0.306376
0.306162
0.305949
0.305737
0.305528
0.305319
0.305113
0.304908
0.304705
0.304503
0.304302
0.304104
0.303906
0.303711
0.303516
0.303323
0.303132
0.302942
0.302753
0.302566
0.30238
0.302196
0.302013
0.301831
0.301651
0.301472
0.301294
0.301118
0.300943
0.300769
0.300597
0.300425
0.300255
0.300086
0.299919
0.299752
0.299587
0.299423
0.29926
0.299099
0.298938
0.298779
0.298621
0.298463
0.298307
0.298153
0.297999
0.297846
0.297694
0.297544
0.297394
0.297246
0.297098
0.296952
0.296807
0.296662
0.296519
0.296376
0.296235
0.296095
0.295955
0.295817
0.295679
0.295543
0.295407
0.295272
0.295138
0.295006
0.294874
0.294743
0.294612
0.294483
0.294355
0.294227
0.2941
0.293975
0.29385
0.293725
0.293602
0.29348
0.293358
0.293237
0.293117
0.292998
0.29288
0.292762
0.292645
0.292529
0.292414
0.292299
0.292186
0.292073
0.291961
0.291849
0.291738
0.291628
0.291519
0.291411
0.291303
0.291196
0.291089
0.290984
0.290879
0.290775
0.290671
0.290568
0.290466
0.290365
0.290264
0.290164
0.290064
0.289965
0.289867
0.28977
0.289673
0.289577
0.289481
0.289386
0.289292
0.289198
0.289105
0.289013
0.288921
0.28883
0.28874
0.28865
0.288561
0.288472
0.288384
0.288296
0.28821
0.288123
0.288038
0.287953
0.287868
0.287784
0.287701
0.287618
0.287536
0.287454
0.287373
0.287293
0.287213
0.287133
0.287055
0.286976
0.286899
0.286822
0.286745
0.286669
0.286593
0.286519
0.286444
0.28637
0.286297
0.286224
0.286152
0.28608
0.286009
0.285938
0.285868
0.285798
0.285729
0.285661
0.285593
0.285525
0.285458
0.285392
0.285325
0.28526
0.285195
0.28513
0.285066
0.285003
0.28494
0.284877
0.284815
0.284754
0.284693
0.284632
0.284572
0.284513
0.284454
0.284395
0.284337
0.28428
0.284222
0.284166
0.28411
0.284054
0.283999
0.283944
0.28389
0.283836
0.283783
0.28373
0.283678
0.283626
0.283575
0.283524
0.283473
0.283423
0.283374
0.283325
0.283276
0.283228
0.28318
0.283133
0.283087
0.28304
0.282994
0.282949
0.282904
0.28286
0.282816
0.282772
0.282729
0.282687
0.282645
0.282603
0.282562
0.282521
0.282481
0.282441
0.282401
0.282363
0.282324
0.282286
0.282248
0.282211
0.282175
0.282138
0.282102
0.282067
0.282032
0.281998
0.281964
0.28193
0.281897
0.281864
0.281832
0.2818
0.281769
0.281738
0.281708
0.281678
0.281648
0.281619
0.28159
0.281562
0.281534
0.281507
0.28148
0.281453
0.281427
0.281402
0.281376
0.281352
0.281327
0.281304
0.28128
0.281257
0.281235
0.281212
0.281191
0.28117
0.281149
0.281128
0.281108
0.281089
0.28107
0.281051
0.281033
0.281015
0.280998
0.280981
0.280965
0.280949
0.280933
0.280918
0.280903
0.280889
0.280875
0.280862
0.280849
0.280836
0.280824
0.280812
0.280801
0.28079
0.28078
0.28077
0.280761
0.280751
0.280743
0.280735
0.280727
0.280719
0.280713
0.280706
0.2807
0.280694
0.280689
0.280684
0.28068
0.280676
0.280673
0.28067
0.280667
0.280665
0.280663
0.280662
0.280661
0.280661
0.280661
0.280661
0.280662
0.280663
0.280665
0.280667
0.28067
0.280673
0.280676
0.28068
0.280684
0.280689
0.280694
0.2807
0.280706
0.280713
0.280719
0.280727
0.280735
0.280743
0.280751
0.280761
0.28077
0.28078
0.28079
0.280801
0.280812
0.280824
0.280836
0.280849
0.280862
0.280875
0.280889
0.280903
0.280918
0.280933
0.280949
0.280965
0.280981
0.280998
0.281015
0.281033
0.281051
0.28107
0.281089
0.281108
0.281128
0.281149
0.28117
0.281191
0.281212
0.281235
0.281257
0.28128
0.281304
0.281327
0.281352
0.281376
0.281402
0.281427
0.281453
0.28148
0.281507
0.281534
0.281562
0.28159
0.281619
0.281648
0.281678
0.281708
0.281738
0.281769
0.2818
0.281832
0.281864
0.281897
0.28193
0.281964
0.281998
0.282032
0.282067
0.282102
0.282138
0.282175
0.282211
0.282248
0.282286
0.282324
0.282363
0.282401
0.282441
0.282481
0.282521
0.282562
0.282603
0.282645
0.282687
0.282729
0.282772
0.282816
0.28286
0.282904
0.282949
0.282994
0.28304
0.283087
0.283133
0.28318
0.283228
0.283276
0.283325
0.283374
0.283423
0.283473
0.283524
0.283575
0.283626
0.283678
0.28373
0.283783
0.283836
0.28389
0.283944
0.283999
0.284054
0.28411
0.284166
0.284222
0.28428
0.284337
0.284395
0.284454
0.284513
0.284572
0.284632
0.284693
0.284754
0.284815
0.284877
0.28494
0.285003
0.285066
0.28513
0.285195
0.28526
0.285325
0.285392
0.285458
0.285525
0.285593
0.285661
0.285729
0.285798
0.285868
0.285938
0.286009
0.28608
0.286152
0.286224
0.286297
0.28637
0.286444
0.286519
0.286593
0.286669
0.286745
0.286822
0.286899
0.286976
0.287055
0.287133
0.287213
0.287293
0.287373
0.287454
0.287536
0.287618
0.287701
0.287784
0.287868
0.287953
0.288038
0.288123
0.28821
0.288296
0.288384
0.288472
0.288561
0.28865
0.28874
0.28883
0.288921
0.289013
0.289105
0.289198
0.289292
0.289386
0.289481
0.289577
0.289673
0.28977
0.289867
0.289965
0.290064
0.290164
0.290264
0.290365
0.290466
0.290568
0.290671
0.290775
0.290879
0.290984
0.291089
0.291196
0.291303
0.291411
0.291519
0.291628
0.291738
0.291849
0.291961
0.292073
0.292186
0.292299
0.292414
0.292529
0.292645
0.292762
0.29288
0.292998
0.293117
0.293237
0.293358
0.29348
0.293602
0.293725
0.29385
0.293975
0.2941
0.294227
0.294355
0.294483
0.294612
0.294743
0.294874
0.295006
0.295138
0.295272
0.295407
0.295543
0.295679
0.295817
0.295955
0.296095
0.296235
0.296376
0.296519
0.296662
0.296807
0.296952
0.297098
0.297246
0.297394
0.297544
0.297694
0.297846
0.297999
0.298153
0.298307
0.298463
0.298621
0.298779
0.298938
0.299099
0.29926
0.299423
0.299587
0.299752
0.299919
0.300086
0.300255
0.300425
0.300597
0.300769
0.300943
0.301118
0.301294
0.301472
0.301651
0.301831
0.302013
0.302196
0.30238
0.302566
0.302753
0.302942
0.303132
0.303323
0.303516
0.303711
0.303906
0.304104
0.304302
0.304503
0.304705
0.304908
0.305113
0.305319
0.305528
0.305737
0.305949
0.306162
0.306376
0.306593
0.306811
0.30703
0.307252
0.307475
0.3077
0.307926
0.308155
0.308385
0.308617
0.308851
0.309087
0.309325
0.309565
0.309806
0.31005
0.310295
0.310542
0.310792
0.311043
0.311297
0.311552
0.31181
0.31207
0.312331
0.312595
0.312861
0.31313
0.3134
0.313673
0.313948
0.314225
0.314505
0.314787
0.315071
0.315357
0.315646
0.315938
0.316232
0.316528
0.316827
0.317128
0.317432
0.317738
0.318047
0.318359
0.318673
0.31899
0.31931
0.319632
0.319957
0.320285
0.320615
0.320949
0.321285
0.321624
0.321966
0.322311
0.322659
0.323011
0.323365
0.323722
0.324082
0.324445
0.324812
0.325181
0.325554
0.32593
0.32631
0.326693
0.327079
0.327468
0.327861
0.328257
0.328657
0.32906
0.329467
0.329878
0.330292
0.33071
0.331131
0.331556
0.331985
0.332418
0.332854
0.333295
0.333739
0.334187
0.334639
0.335096
0.335556
0.33602
0.336489
0.336962
0.337439
0.33792
0.338406
0.338895
0.33939
0.339888
0.340392
0.340899
0.341412
0.341928
0.34245
0.342976
0.343507
0.344043
0.344583
0.345129
0.345679
0.346234
0.346795
0.34736
0.34793
0.348506
0.349087
0.349673
0.350264
0.350861
0.351463
0.35207
0.352683
0.353302
0.353926
0.354556
0.355191
0.355832
0.35648
0.357132
0.357791
0.358456
0.359127
0.359804
0.360487
0.361176
0.361871
0.362573
0.363281
0.363996
0.364717
0.365444
0.366178
0.366919
0.367667
0.368421
0.369182
0.36995
0.370725
0.371506
0.372295
0.373092
0.373895
0.374705
0.375523
0.376348
0.377181
0.378021
0.378869
0.379725
0.380588
0.381459
0.382337
0.383224
0.384119
0.385021
0.385932
0.386851
0.387779
0.388714
0.389658
0.390611
0.391572
0.392541
0.393519
0.394507
0.395502
0.396507
0.397521
0.398544
0.399576
0.400617
0.401667
0.402727
0.403796
0.404875
0.405963
0.407061
0.408169
0.409286
0.410414
0.411551
0.412699
0.413856
0.415024
0.416202
0.417391
0.41859
0.419799
0.421019
0.42225
0.423492
0.424744
0.426008
0.427282
0.428568
0.429865
0.431173
0.432493
0.433824
0.435167
0.436521
0.437887
0.439265
0.440655
0.442057
0.443471
0.444897
0.446336
0.447787
0.44925
0.450726
0.452215
0.453716
0.455231
0.456758
0.458298
0.459851
0.461418
0.462998
0.464591
0.466198
0.467818
0.469453
0.471101
0.472762
0.474438
0.476128
0.477833
0.479551
0.481284
0.483031
0.484793
0.48657
0.488361
0.490168
0.491989
0.493826
0.495677
0.497544
0.499427
0.501325
0.503238
0.505168
0.507113
0.509074
0.511051
0.513044
0.515054
0.517079
0.519122
0.521181
0.523256
0.525348
0.527458
0.529584
0.531727
0.533888
0.536065
0.538261
0.540473
0.542704
0.544952
0.547218
0.549502
0.551804
0.554124
0.556463
0.558819
0.561195
0.563589
0.566002
0.568433
0.570884
0.573354
0.575843
0.578351
0.580878
0.583425
0.585992
0.588579
0.591185
0.593811
0.596458
0.599124
0.601811
0.604518
0.607246
0.609995
0.612764
0.615554
0.618365
0.621197
0.624051
0.626925
0.629822
0.632739
0.635679
0.63864
0.641623
0.644628
0.647655
0.650705
0.653777
0.656871
0.659988
0.663128
0.66629
0.669476
0.672684
0.675916
0.679171
0.682449
0.685751
0.689077
0.692426
0.695799
0.699196
0.702618
0.706063
0.709533
0.713027
0.716546
0.72009
0.723658
0.727251
0.73087
0.734513
0.738182
0.741876
0.745596
0.749342
0.753113
0.75691
0.760733
0.764582
0.768457
0.772359
0.776287
0.780242
0.784223
0.788232
0.792267
0.796329
0.800419
0.804536
0.80868
0.812852
0.817051
0.821279
0.825534
0.829817
0.834129
0.838469
0.842837
0.847234
0.851659
0.856113
0.860596
0.865109
0.86965
0.874221
0.878821
0.88345
0.888109
0.892799
0.897518
0.902267
0.907046
0.911855
0.916695
0.921566
0.926467
0.931399
0.936362
0.941357
0.946382
0.951439
0.956527
0.961647
0.966798
0.971982
0.977197
0.982445
0.987725
0.993038
0.998383
1.00376
1.00917
1.01461
1.02009
1.0256
1.03114
1.03672
1.04233
1.04798
1.05365
1.05937
1.06511
1.0709
1.07671
1.08256
1.08845
1.09437
1.10032
1.10631
1.11234
1.1184
1.1245
1.13063
1.1368
1.14301
1.14925
1.15553
1.16184
1.16819
1.17458
1.18101
1.18747
1.19397
1.20051
1.20708
1.2137
1.22035
1.22704
1.23376
1.24053
1.24733
1.25418
1.26106
1.26798
1.27494
1.28194
1.28898
1.29606
1.30318
1.31034
1.31753
1.32477
1.33205
1.33937
1.34673
1.35413
1.36158
1.36906
1.37659
1.38415
1.39176
1.39941
1.4071
1.41483
1.42261
1.43042
1.43828
1.44619
1.45413
1.46212
1.47015
1.47822
1.48634
1.4945
1.5027
1.51094
1.51923
1.52757
1.53594
1.54436
1.55283
1.56133
1.56989
1.57848
1.58712
1.59581
1.60453
1.61331
1.62212
1.63099
1.63989
1.64884
1.65784
1.66688
1.67596
1.68509
1.69426
1.70348
1.71275
1.72205
1.7314
1.7408
1.75024
1.75973
1.76926
1.77883
1.78845
1.79811
1.80782
1.81757
1.82737
1.83721
1.84709
1.85702
1.86699
1.877
1.88706
1.89716
1.9073
1.91748
1.92771
1.93798
1.94829
1.95865
1.96904
1.97948
1.98996
2.00048
2.01103
2.02163
2.03227
2.04295
2.05367
2.06443
2.07522
2.08606
2.09693
2.10783
2.11878
2.12976
2.14078
2.15183
2.16292
2.17404
2.1852
2.19639
2.20761
2.21887
2.23016
2.24147
2.25282
2.2642
2.27561
2.28705
2.29851
2.31001
2.32152
2.33307
2.34464
2.35623
2.36785
2.37949
2.39116
2.40284
2.41454
2.42627
2.43801
2.44977
2.46155
2.47334
2.48515
2.49697
2.50881
2.52065
2.53251
2.54438
2.55626
2.56814
2.58003
2.59193
2.60383
2.61574
2.62764
2.63955
2.65146
2.66337
2.67527
2.68717
2.69907
2.71095
2.72284
2.73471
2.74657
2.75842
2.77026
2.78208
2.79389
2.80568
2.81746
2.82921
2.84094
2.85265
2.86433
2.87599
2.88763
2.89923
2.9108
2.92235
2.93386
2.94533
2.95677
2.96817
2.97953
2.99085
3.00213
3.01336
3.02455
3.03569
3.04678
3.05783
3.06881
3.07975
3.09063
3.10145
3.11222
3.12292
3.13357
3.14415
3.15466
3.16511
3.17549
3.18579
3.19603
3.20619
3.21628
3.22629
3.23622
3.24607
3.25584
3.26553
3.27513
3.28465
3.29407
3.30341
3.31265
3.3218
3.33086
3.33982
3.34868
3.35744
3.36611
3.37466
3.38312
3.39147
3.39971
3.40784
3.41586
3.42377
3.43156
3.43925
3.44681
3.45426
3.46159
3.46879
3.47588
3.48284
3.48968
3.49639
3.50298
3.50943
3.51576
3.52195
3.52802
3.53395
3.53974
3.5454
3.55093
3.55631
3.56156
3.56666
3.57163
3.57645
3.58113
3.58566
3.59005
3.5943
3.5984
3.60235
3.60615
3.6098
3.61331
3.61666
3.61986
3.62291
3.62581
3.62855
3.63114
3.63358
3.63586
3.63798
3.63995
3.64177
3.64343
3.64493
3.64627
3.64746
3.64848
3.64936
3.65007
3.65062
3.65102
3.65126
3.65134
