2048 1 1
1.3575e-10 2.21679e-10 3.13501e-10
8.33478
8.33462
8.33415
8.33337
8.33228
8.33088
8.32917
8.32715
8.32481
8.32217
8.31921
8.31595
8.31238
8.3085
8.30431
8.29982
8.29502
8.28991
8.2845
8.27878
8.27277
8.26644
8.25982
8.2529
8.24568
8.23816
8.23034
8.22223
8.21382
8.20512
8.19612
8.18684
8.17726
8.1674
8.15725
8.14682
8.1361
8.1251
8.11381
8.10225
8.09042
8.0783
8.06592
8.05326
8.04033
8.02713
8.01366
7.99993
7.98594
7.97169
7.95717
7.94241
7.92738
7.91211
7.89658
7.8808
7.86478
7.84851
7.83201
7.81526
7.79827
7.78105
7.7636
7.74592
7.728
7.70987
7.6915
7.67292
7.65412
7.6351
7.61587
7.59643
7.57678
7.55692
7.53686
7.5166
7.49614
7.47548
7.45463
7.43359
7.41236
7.39094
7.36934
7.34756
7.3256
7.30347
7.28116
7.25869
7.23604
7.21323
7.19026
7.16713
7.14384
7.1204
7.0968
7.07306
7.04917
7.02513
7.00096
6.97664
6.95219
6.92761
6.90289
6.87805
6.85308
6.82799
6.80278
6.77745
6.752
6.72645
6.70078
6.675
6.64912
6.62314
6.59706
6.57088
6.5446
6.51823
6.49177
6.46523
6.4386
6.41188
6.38509
6.35822
6.33127
6.30425
6.27716
6.25
6.22277
6.19548
6.16813
6.14071
6.11325
6.08572
6.05814
6.03052
6.00284
5.97512
5.94735
5.91954
5.8917
5.86381
5.83589
5.80793
5.77994
5.75193
5.72388
5.69581
5.66771
5.63959
5.61146
5.5833
5.55513
5.52694
5.49874
5.47052
5.4423
5.41407
5.38584
5.3576
5.32935
5.30111
5.27287
5.24463
5.21639
5.18815
5.15993
5.13171
5.1035
5.0753
5.04712
5.01895
4.99079
4.96265
4.93453
4.90643
4.87835
4.85029
4.82225
4.79424
4.76626
4.7383
4.71037
4.68246
4.65459
4.62675
4.59894
4.57116
4.54342
4.51572
4.48805
4.46042
4.43282
4.40527
4.37776
4.35028
4.32285
4.29546
4.26812
4.24082
4.21357
4.18636
4.1592
4.13208
4.10502
4.078
4.05104
4.02412
3.99725
3.97044
3.94368
3.91697
3.89032
3.86372
3.83717
3.81068
3.78425
3.75787
3.73155
3.70529
3.67908
3.65293
3.62685
3.60082
3.57485
3.54893
3.52308
3.4973
3.47157
3.4459
3.4203
3.39475
3.36927
3.34385
3.3185
3.29321
3.26798
3.24281
3.21771
3.19268
3.16771
3.1428
3.11796
3.09318
3.06847
3.04382
3.01924
2.99473
2.97028
2.94589
2.92158
2.89733
2.87314
2.84902
2.82497
2.80099
2.77707
2.75322
2.72943
2.70571
2.68206
2.65848
2.63496
2.61151
2.58813
2.56482
2.54157
2.51839
2.49527
2.47222
2.44924
2.42633
2.40348
2.3807
2.35799
2.33535
2.31277
2.29025
2.26781
2.24543
2.22312
2.20087
2.17869
2.15658
2.13453
2.11255
2.09064
2.06879
2.04701
2.02529
2.00364
1.98206
1.96054
1.93908
1.91769
1.89637
1.87511
1.85391
1.83278
1.81172
1.79072
1.76978
1.74891
1.7281
1.70736
1.68668
1.66606
1.64551
1.62502
1.60459
1.58423
1.56393
1.54369
1.52351
1.5034
1.48335
1.46336
1.44344
1.42357
1.40377
1.38402
1.36434
1.34472
1.32517
1.30567
1.28623
1.26685
1.24754
1.22828
1.20908
1.18994
1.17087
1.15185
1.13289
1.11399
1.09515
1.07636
1.05764
1.03897
1.02036
1.00181
0.983322
0.964887
0.946509
0.928189
0.909926
0.891719
0.873569
0.855475
0.837438
0.819457
0.801531
0.783662
0.765848
0.748089
0.730385
0.712737
0.695143
0.677604
0.660119
0.642689
0.625313
0.60799
0.590721
0.573506
0.556345
0.539236
0.52218
0.505178
0.488227
0.47133
0.454484
0.437691
0.42095
0.40426
0.387622
0.371035
0.3545
0.338016
0.321582
0.305199
0.288867
0.272585
0.256353
0.240172
0.22404
0.207957
0.191925
0.175941
0.160007
0.144121
0.128285
0.112497
0.0967572
0.081066
0.0654229
0.0498277
0.0342803
0.0187806
0.00332831
-0.0120767
-0.0274346
-0.0427455
-0.0580096
-0.0732271
-0.0883981
-0.103523
-0.118601
-0.133634
-0.148621
-0.163562
-0.178457
-0.193308
-0.208113
-0.222873
-0.237588
-0.252258
-0.266884
-0.281465
-0.296003
-0.310496
-0.324945
-0.33935
-0.353712
-0.36803
-0.382305
-0.396537
-0.410725
-0.424871
-0.438974
-0.453034
-0.467052
-0.481028
-0.494961
-0.508853
-0.522702
-0.53651
-0.550276
-0.564001
-0.577685
-0.591327
-0.604929
-0.618489
-0.632009
-0.645488
-0.658927
-0.672325
-0.685683
-0.699001
-0.71228
-0.725518
-0.738717
-0.751876
-0.764996
-0.778077
-0.791119
-0.804121
-0.817085
-0.83001
-0.842897
-0.855745
-0.868555
-0.881326
-0.89406
-0.906755
-0.919413
-0.932033
-0.944615
-0.95716
-0.969668
-0.982139
-0.994572
-1.00697
-1.01933
-1.03165
-1.04394
-1.05619
-1.0684
-1.08058
-1.09272
-1.10482
-1.11689
-1.12893
-1.14093
-1.15289
-1.16481
-1.17671
-1.18856
-1.20038
-1.21217
-1.22392
-1.23564
-1.24732
-1.25897
-1.27058
-1.28216
-1.29371
-1.30522
-1.31669
-1.32814
-1.33955
-1.35092
-1.36226
-1.37357
-1.38485
-1.39609
-1.4073
-1.41847
-1.42962
-1.44073
-1.4518
-1.46285
-1.47386
-1.48484
-1.49579
-1.5067
-1.51758
-1.52843
-1.53925
-1.55004
-1.56079
-1.57152
-1.58221
-1.59287
-1.6035
-1.6141
-1.62466
-1.6352
-1.6457
-1.65618
-1.66662
-1.67703
-1.68741
-1.69776
-1.70808
-1.71837
-1.72863
-1.73886
-1.74906
-1.75923
-1.76937
-1.77948
-1.78956
-1.79961
-1.80963
-1.81962
-1.82958
-1.83951
-1.84941
-1.85928
-1.86913
-1.87894
-1.88873
-1.89849
-1.90821
-1.91791
-1.92758
-1.93723
-1.94684
-1.95642
-1.96598
-1.97551
-1.98501
-1.99448
-2.00392
-2.01334
-2.02273
-2.03209
-2.04142
-2.05073
-2.06
-2.06925
-2.07847
-2.08767
-2.09684
-2.10598
-2.11509
-2.12417
-2.13323
-2.14226
-2.15127
-2.16025
-2.1692
-2.17812
-2.18702
-2.19589
-2.20473
-2.21355
-2.22234
-2.23111
-2.23985
-2.24856
-2.25724
-2.2659
-2.27454
-2.28315
-2.29173
-2.30028
-2.30882
-2.31732
-2.3258
-2.33425
-2.34268
-2.35108
-2.35946
-2.36781
-2.37614
-2.38444
-2.39271
-2.40096
-2.40919
-2.41739
-2.42556
-2.43371
-2.44184
-2.44994
-2.45801
-2.46607
-2.47409
-2.48209
-2.49007
-2.49802
-2.50595
-2.51385
-2.52173
-2.52959
-2.53742
-2.54522
-2.55301
-2.56076
-2.5685
-2.57621
-2.58389
-2.59156
-2.59919
-2.60681
-2.6144
-2.62196
-2.62951
-2.63703
-2.64452
-2.65199
-2.65944
-2.66687
-2.67427
-2.68165
-2.689
-2.69633
-2.70364
-2.71093
-2.71819
-2.72543
-2.73264
-2.73984
-2.74701
-2.75415
-2.76128
-2.76838
-2.77546
-2.78251
-2.78954
-2.79655
-2.80354
-2.8105
-2.81745
-2.82436
-2.83126
-2.83814
-2.84499
-2.85182
-2.85862
-2.86541
-2.87217
-2.87891
-2.88563
-2.89232
-2.899
-2.90565
-2.91228
-2.91888
-2.92547
-2.93203
-2.93857
-2.94509
-2.95159
-2.95806
-2.96452
-2.97095
-2.97736
-2.98375
-2.99011
-2.99646
-3.00278
-3.00908
-3.01536
-3.02162
-3.02786
-3.03408
-3.04027
-3.04644
-3.05259
-3.05872
-3.06483
-3.07092
-3.07699
-3.08303
-3.08905
-3.09506
-3.10104
-3.107
-3.11294
-3.11886
-3.12475
-3.13063
-3.13648
-3.14232
-3.14813
-3.15392
-3.15969
-3.16544
-3.17117
-3.17688
-3.18257
-3.18824
-3.19388
-3.19951
-3.20512
-3.2107
-3.21626
-3.22181
-3.22733
-3.23283
-3.23831
-3.24377
-3.24921
-3.25463
-3.26003
-3.26541
-3.27077
-3.27611
-3.28143
-3.28673
-3.292
-3.29726
-3.3025
-3.30771
-3.31291
-3.31809
-3.32324
-3.32838
-3.33349
-3.33859
-3.34367
-3.34872
-3.35376
-3.35877
-3.36377
-3.36874
-3.3737
-3.37863
-3.38355
-3.38844
-3.39332
-3.39818
-3.40301
-3.40783
-3.41262
-3.4174
-3.42216
-3.42689
-3.43161
-3.43631
-3.44098
-3.44564
-3.45028
-3.4549
-3.4595
-3.46408
-3.46864
-3.47318
-3.4777
-3.4822
-3.48668
-3.49114
-3.49558
-3.5
-3.50441
-3.50879
-3.51316
-3.5175
-3.52183
-3.52613
-3.53042
-3.53468
-3.53893
-3.54316
-3.54737
-3.55156
-3.55573
-3.55988
-3.56401
-3.56812
-3.57222
-3.57629
-3.58034
-3.58438
-3.5884
-3.59239
-3.59637
-3.60033
-3.60427
-3.60819
-3.61209
-3.61597
-3.61983
-3.62368
-3.6275
-3.63131
-3.6351
-3.63886
-3.64261
-3.64634
-3.65005
-3.65374
-3.65741
-3.66107
-3.6647
-3.66832
-3.67191
-3.67549
-3.67905
-3.68259
-3.68611
-3.68961
-3.69309
-3.69656
-3.7
-3.70343
-3.70684
-3.71023
-3.7136
-3.71695
-3.72028
-3.72359
-3.72689
-3.73016
-3.73342
-3.73666
-3.73988
-3.74308
-3.74626
-3.74942
-3.75257
-3.75569
-3.7588
-3.76189
-3.76496
-3.76801
-3.77104
-3.77405
-3.77705
-3.78003
-3.78298
-3.78592
-3.78884
-3.79175
-3.79463
-3.79749
-3.80034
-3.80317
-3.80598
-3.80877
-3.81154
-3.81429
-3.81703
-3.81974
-3.82244
-3.82512
-3.82778
-3.83042
-3.83304
-3.83565
-3.83823
-3.8408
-3.84335
-3.84588
-3.8484
-3.85089
-3.85337
-3.85582
-3.85826
-3.86068
-3.86308
-3.86547
-3.86783
-3.87018
-3.87251
-3.87482
-3.87711
-3.87938
-3.88163
-3.88387
-3.88609
-3.88829
-3.89047
-3.89263
-3.89478
-3.8969
-3.89901
-3.9011
-3.90317
-3.90522
-3.90726
-3.90927
-3.91127
-3.91325
-3.91521
-3.91715
-3.91908
-3.92098
-3.92287
-3.92474
-3.92659
-3.92842
-3.93024
-3.93204
-3.93381
-3.93557
-3.93732
-3.93904
-3.94074
-3.94243
-3.9441
-3.94575
-3.94738
-3.949
-3.95059
-3.95217
-3.95373
-3.95527
-3.95679
-3.9583
-3.95978
-3.96125
-3.9627
-3.96413
-3.96554
-3.96694
-3.96832
-3.96968
-3.97102
-3.97234
-3.97364
-3.97493
-3.9762
-3.97745
-3.97868
-3.97989
-3.98109
-3.98227
-3.98342
-3.98457
-3.98569
-3.98679
-3.98788
-3.98895
-3.99
-3.99103
-3.99204
-3.99304
-3.99402
-3.99498
-3.99592
-3.99684
-3.99774
-3.99863
-3.9995
-4.00035
-4.00118
-4.002
-4.00279
-4.00357
-4.00433
-4.00507
-4.0058
-4.0065
-4.00719
-4.00786
-4.00851
-4.00914
-4.00976
-4.01036
-4.01094
-4.0115
-4.01204
-4.01256
-4.01307
-4.01356
-4.01403
-4.01448
-4.01491
-4.01533
-4.01573
-4.01611
-4.01647
-4.01681
-4.01714
-4.01745
-4.01774
-4.01801
-4.01826
-4.0185
-4.01871
-4.01891
-4.01909
-4.01926
-4.0194
-4.01953
-4.01964
-4.01973
-4.0198
-4.01985
-4.01989
-4.01991
-4.01991
-4.01989
-4.01985
-4.0198
-4.01973
-4.01964
-4.01953
-4.0194
-4.01926
-4.01909
-4.01891
-4.01871
-4.0185
-4.01826
-4.01801
-4.01774
-4.01745
-4.01714
-4.01681
-4.01647
-4.01611
-4.01573
-4.01533
-4.01491
-4.01448
-4.01403
-4.01356
-4.01307
-4.01256
-4.01204
-4.0115
-4.01094
-4.01036
-4.00976
-4.00914
-4.00851
-4.00786
-4.00719
-4.0065
-4.0058
-4.00507
-4.00433
-4.00357
-4.00279
-4.002
-4.00118
-4.00035
-3.9995
-3.99863
-3.99774
-3.99684
-3.99592
-3.99498
-3.99402
-3.99304
-3.99204
-3.99103
-3.99
-3.98895
-3.98788
-3.98679
-3.98569
-3.98457
-3.98342
-3.98227
-3.98109
-3.97989
-3.97868
-3.97745
-3.9762
-3.97493
-3.97364
-3.97234
-3.97102
-3.96968
-3.96832
-3.96694
-3.96554
-3.96413
-3.9627
-3.96125
-3.95978
-3.9583
-3.95679
-3.95527
-3.95373
-3.95217
-3.95059
-3.949
-3.94738
-3.94575
-3.9441
-3.94243
-3.94074
-3.93904
-3.93732
-3.93557
-3.93381
-3.93204
-3.93024
-3.92842
-3.92659
-3.92474
-3.92287
-3.92098
-3.91908
-3.91715
-3.91521
-3.91325
-3.91127
-3.90927
-3.90726
-3.90522
-3.90317
-3.9011
-3.89901
-3.8969
-3.89478
-3.89263
-3.89047
-3.88829
-3.88609
-3.88387
-3.88163
-3.87938
-3.87711
-3.87482
-3.87251
-3.87018
-3.86783
-3.86547
-3.86308
-3.86068
-3.85826
-3.85582
-3.85337
-3.85089
-3.8484
-3.84588
-3.84335
-3.8408
-3.83823
-3.83565
-3.83304
-3.83042
-3.82778
-3.82512
-3.82244
-3.81974
-3.81703
-3.81429
-3.81154
-3.80877
-3.80598
-3.80317
-3.80034
-3.79749
-3.79463
-3.79175
-3.78884
-3.78592
-3.78298
-3.78003
-3.77705
-3.77405
-3.77104
-3.76801
-3.76496
-3.76189
-3.7588
-3.75569
-3.75257
-3.74942
-3.74626
-3.74308
-3.73988
-3.73666
-3.73342
-3.73016
-3.72689
-3.72359
-3.72028
-3.71695
-3.7136
-3.71023
-3.70684
-3.70343
-3.7
-3.69656
-3.69309
-3.68961
-3.68611
-3.68259
-3.67905
-3.67549
-3.67191
-3.66832
-3.6647
-3.66107
-3.65741
-3.65374
-3.65005
-3.64634
-3.64261
-3.63886
-3.6351
-3.63131
-3.6275
-3.62368
-3.61983
-3.61597
-3.61209
-3.60819
-3.60427
-3.60033
-3.59637
-3.59239
-3.5884
-3.58438
-3.58034
-3.57629
-3.57222
-3.56812
-3.56401
-3.55988
-3.55573
-3.55156
-3.54737
-3.54316
-3.53893
-3.53468
-3.53042
-3.52613
-3.52183
-3.5175
-3.51316
-3.50879
-3.50441
-3.5
-3.49558
-3.49114
-3.48668
-3.4822
-3.4777
-3.47318
-3.46864
-3.46408
-3.4595
-3.4549
-3.45028
-3.44564
-3.44098
-3.43631
-3.43161
-3.42689
-3.42216
-3.4174
-3.41262
-3.40783
-3.40301
-3.39818
-3.39332
-3.38844
-3.38355
-3.37863
-3.3737
-3.36874
-3.36377
-3.35877
-3.35376
-3.34872
-3.34367
-3.33859
-3.33349
-3.32838
-3.32324
-3.31809
-3.31291
-3.30771
-3.3025
-3.29726
-3.292
-3.28673
-3.28143
-3.27611
-3.27077
-3.26541
-3.26003
-3.25463
-3.24921
-3.24377
-3.23831
-3.23283
-3.22733
-3.22181
-3.21626
-3.2107
-3.20512
-3.19951
-3.19388
-3.18824
-3.18257
-3.17688
-3.17117
-3.16544
-3.15969
-3.15392
-3.14813
-3.14232
-3.13648
-3.13063
-3.12475
-3.11886
-3.11294
-3.107
-3.10104
-3.09506
-3.08905
-3.08303
-3.07699
-3.07092
-3.06483
-3.05872
-3.05259
-3.04644
-3.04027
-3.03408
-3.02786
-3.02162
-3.01536
-3.00908
-3.00278
-2.99646
-2.99011
-2.98375
-2.97736
-2.97095
-2.96452
-2.95806
-2.95159
-2.94509
-2.93857
-2.93203
-2.92547
-2.91888
-2.91228
-2.90565
-2.899
-2.89232
-2.88563
-2.87891
-2.87217
-2.86541
-2.85862
-2.85182
-2.84499
-2.83814
-2.83126
-2.82436
-2.81745
-2.8105
-2.80354
-2.79655
-2.78954
-2.78251
-2.77546
-2.76838
-2.76128
-2.75415
-2.74701
-2.73984
-2.73264
-2.72543
-2.71819
-2.71093
-2.70364
-2.69633
-2.689
-2.68165
-2.67427
-2.66687
-2.65944
-2.65199
-2.64452
-2.63703
-2.62951
-2.62196
-2.6144
-2.60681
-2.59919
-2.59156
-2.58389
-2.57621
-2.5685
-2.56076
-2.55301
-2.54522
-2.53742
-2.52959
-2.52173
-2.51385
-2.50595
-2.49802
-2.49007
-2.48209
-2.47409
-2.46607
-2.45801
-2.44994
-2.44184
-2.43371
-2.42556
-2.41739
-2.40919
-2.40096
-2.39271
-2.38444
-2.37614
-2.36781
-2.35946
-2.35108
-2.34268
-2.33425
-2.3258
-2.31732
-2.30882
-2.30028
-2.29173
-2.28315
-2.27454
-2.2659
-2.25724
-2.24856
-2.23985
-2.23111
-2.22234
-2.21355
-2.20473
-2.19589
-2.18702
-2.17812
-2.1692
-2.16025
-2.15127
-2.14226
-2.13323
-2.12417
-2.11509
-2.10598
-2.09684
-2.08767
-2.07847
-2.06925
-2.06
-2.05073
-2.04142
-2.03209
-2.02273
-2.01334
-2.00392
-1.99448
-1.98501
-1.97551
-1.96598
-1.95642
-1.94684
-1.93723
-1.92758
-1.91791
-1.90821
-1.89849
-1.88873
-1.87894
-1.86913
-1.85928
-1.84941
-1.83951
-1.82958
-1.81962
-1.80963
-1.79961
-1.78956
-1.77948
-1.76937
-1.75923
-1.74906
-1.73886
-1.72863
-1.71837
-1.70808
-1.69776
-1.68741
-1.67703
-1.66662
-1.65618
-1.6457
-1.6352
-1.62466
-1.6141
-1.6035
-1.59287
-1.58221
-1.57152
-1.56079
-1.55004
-1.53925
-1.52843
-1.51758
-1.5067
-1.49579
-1.48484
-1.47386
-1.46285
-1.4518
-1.44073
-1.42962
-1.41847
-1.4073
-1.39609
-1.38485
-1.37357
-1.36226
-1.35092
-1.33955
-1.32814
-1.31669
-1.30522
-1.29371
-1.28216
-1.27058
-1.25897
-1.24732
-1.23564
-1.22392
-1.21217
-1.20038
-1.18856
-1.17671
-1.16481
-1.15289
-1.14093
-1.12893
-1.11689
-1.10482
-1.09272
-1.08058
-1.0684
-1.05619
-1.04394
-1.03165
-1.01933
-1.00697
-0.994572
-0.982139
-0.969668
-0.95716
-0.944615
-0.932033
-0.919413
-0.906755
-0.89406
-0.881326
-0.868555
-0.855745
-0.842897
-0.83001
-0.817085
-0.804121
-0.791119
-0.778077
-0.764996
-0.751876
-0.738717
-0.725518
-0.71228
-0.699001
-0.685683
-0.672325
-0.658927
-0.645488
-0.632009
-0.618489
-0.604929
-0.591327
-0.577685
-0.564001
-0.550276
-0.53651
-0.522702
-0.508853
-0.494961
-0.481028
-0.467052
-0.453034
-0.438974
-0.424871
-0.410725
-0.396537
-0.382305
-0.36803
-0.353712
-0.33935
-0.324945
-0.310496
-0.296003
-0.281465
-0.266884
-0.252258
-0.237588
-0.222873
-0.208113
-0.193308
-0.178457
-0.163562
-0.148621
-0.133634
-0.118601
-0.103523
-0.0883981
-0.0732271
-0.0580096
-0.0427455
-0.0274346
-0.0120767
0.00332831
0.0187806
0.0342803
0.0498277
0.0654229
0.081066
0.0967572
0.112497
0.128285
0.144121
0.160007
0.175941
0.191925
0.207957
0.22404
0.240172
0.256353
0.272585
0.288867
0.305199
0.321582
0.338016
0.3545
0.371035
0.387622
0.40426
0.42095
0.437691
0.454484
0.47133
0.488227
0.505178
0.52218
0.539236
0.556345
0.573506
0.590721
0.60799
0.625313
0.642689
0.660119
0.677604
0.695143
0.712737
0.730385
0.748089
0.765848
0.783662
0.801531
0.819457
0.837438
0.855475
0.873569
0.891719
0.909926
0.928189
0.946509
0.964887
0.983322
1.00181
1.02036
1.03897
1.05764
1.07636
1.09515
1.11399
1.13289
1.15185
1.17087
1.18994
1.20908
1.22828
1.24754
1.26685
1.28623
1.30567
1.32517
1.34472
1.36434
1.38402
1.40377
1.42357
1.44344
1.46336
1.48335
1.5034
1.52351
1.54369
1.56393
1.58423
1.60459
1.62502
1.64551
1.66606
1.68668
1.70736
1.7281
1.74891
1.76978
1.79072
1.81172
1.83278
1.85391
1.87511
1.89637
1.91769
1.93908
1.96054
1.98206
2.00364
2.02529
2.04701
2.06879
2.09064
2.11255
2.13453
2.15658
2.17869
2.20087
2.22312
2.24543
2.26781
2.29025
2.31277
2.33535
2.35799
2.3807
2.40348
2.42633
2.44924
2.47222
2.49527
2.51839
2.54157
2.56482
2.58813
2.61151
2.63496
2.65848
2.68206
2.70571
2.72943
2.75322
2.77707
2.80099
2.82497
2.84902
2.87314
2.89733
2.92158
2.94589
2.97028
2.99473
3.01924
3.04382
3.06847
3.09318
3.11796
3.1428
3.16771
3.19268
3.21771
3.24281
3.26798
3.29321
3.3185
3.34385
3.36927
3.39475
3.4203
3.4459
3.47157
3.4973
3.52308
3.54893
3.57485
3.60082
3.62685
3.65293
3.67908
3.70529
3.73155
3.75787
3.78425
3.81068
3.83717
3.86372
3.89032
3.91697
3.94368
3.97044
3.99725
4.02412
4.05104
4.078
4.10502
4.13208
4.1592
4.18636
4.21357
4.24082
4.26812
4.29546
4.32285
4.35028
4.37776
4.40527
4.43282
4.46042
4.48805
4.51572
4.54342
4.57116
4.59894
4.62675
4.65459
4.68246
4.71037
4.7383
4.76626
4.79424
4.82225
4.85029
4.87835
4.90643
4.93453
4.96265
4.99079
5.01895
5.04712
5.0753
5.1035
5.13171
5.15993
5.18815
5.21639
5.24463
5.27287
5.30111
5.32935
5.3576
5.38584
5.41407
5.4423
5.47052
5.49874
5.52694
5.55513
5.5833
5.61146
5.63959
5.66771
5.69581
5.72388
5.75193
5.77994
5.80793
5.83589
5.86381
5.8917
5.91954
5.94735
5.97512
6.00284
6.03052
6.05814
6.08572
6.11325
6.14071
6.16813
6.19548
6.22277
6.25
6.27716
6.30425
6.33127
6.35822
6.38509
6.41188
6.4386
6.46523
6.49177
6.51823
6.5446
6.57088
6.59706
6.62314
6.64912
6.675
6.70078
6.72645
6.752
6.77745
6.80278
6.82799
6.85308
6.87805
6.90289
6.92761
6.95219
6.97664
7.00096
7.02513
7.04917
7.07306
7.0968
7.1204
7.14384
7.16713
7.19026
7.21323
7.23604
7.25869
7.28116
7.30347
7.3256
7.34756
7.36934
7.39094
7.41236
7.43359
7.45463
7.47548
7.49614
7.5166
7.53686
7.55692
7.57678
7.59643
7.61587
7.6351
7.65412
7.67292
7.6915
7.70987
7.728
7.74592
7.7636
7.78105
7.79827
7.81526
7.83201
7.84851
7.86478
7.8808
7.89658
7.91211
7.92738
7.94241
7.95717
7.97169
7.98594
7.99993
8.01366
8.02713
8.04033
8.05326
8.06592
8.0783
8.09042
8.10225
8.11381
8.1251
8.1361
8.14682
8.15725
8.1674
8.17726
8.18684
8.19612
8.20512
8.21382
8.22223
8.23034
8.23816
8.24568
8.2529
8.25982
8.26644
8.27277
8.27878
8.2845
8.28991
8.29502
8.29982
8.30431
8.3085
8.31238
8.31595
8.31921
8.32217
8.32481
8.32715
8.32917
8.33088
8.33228
8.33337
8.33415
8.33462
8.33478
