2048 1 1
1.3575e-10 2.21679e-10 3.13501e-10
8.61268
8.6122
8.61077
8.60837
8.60502
8.60072
8.59546
8.58924
8.58208
8.57397
8.56492
8.55492
8.54398
8.53211
8.51931
8.50558
8.49093
8.47536
8.45888
8.44149
8.4232
8.40402
8.38394
8.36299
8.34115
8.31845
8.29489
8.27048
8.24522
8.21912
8.1922
8.16445
8.1359
8.10654
8.07639
8.04546
8.01375
7.98128
7.94806
7.9141
7.8794
7.84399
7.80786
7.77104
7.73353
7.69535
7.6565
7.617
7.57686
7.5361
7.49472
7.45274
7.41017
7.36702
7.32331
7.27905
7.23426
7.18894
7.1431
7.09677
7.04996
7.00268
6.95494
6.90676
6.85815
6.80912
6.75969
6.70988
6.65969
6.60914
6.55824
6.50702
6.45547
6.40362
6.35149
6.29907
6.24639
6.19347
6.14031
6.08693
6.03334
5.97956
5.9256
5.87147
5.81719
5.76277
5.70823
5.65357
5.59881
5.54397
5.48905
5.43407
5.37905
5.32399
5.26891
5.21381
5.15872
5.10365
5.0486
4.99359
4.93863
4.88373
4.8289
4.77416
4.71951
4.66497
4.61055
4.55625
4.5021
4.44809
4.39424
4.34057
4.28707
4.23376
4.18064
4.12774
4.07505
4.02258
3.97035
3.91836
3.86662
3.81514
3.76393
3.71299
3.66234
3.61197
3.5619
3.51213
3.46268
3.41354
3.36472
3.31623
3.26808
3.22027
3.1728
3.12569
3.07893
3.03254
2.98651
2.94086
2.89558
2.85068
2.80616
2.76203
2.7183
2.67496
2.63201
2.58947
2.54733
2.5056
2.46428
2.42337
2.38288
2.3428
2.30314
2.2639
2.22508
2.18668
2.14871
2.11116
2.07403
2.03733
2.00106
1.96522
1.9298
1.89481
1.86025
1.82612
1.79241
1.75913
1.72627
1.69384
1.66184
1.63026
1.5991
1.56836
1.53804
1.50814
1.47866
1.44959
1.42093
1.39269
1.36486
1.33743
1.31041
1.28379
1.25757
1.23175
1.20633
1.1813
1.15666
1.13241
1.10855
1.08506
1.06196
1.03923
1.01688
0.994891
0.973273
0.95202
0.931127
0.910591
0.890409
0.870578
0.851093
0.831953
0.813152
0.794687
0.776556
0.758754
0.741277
0.724123
0.707286
0.690765
0.674554
0.65865
0.64305
0.62775
0.612745
0.598033
0.583609
0.569469
0.55561
0.542028
0.52872
0.515681
0.502907
0.490395
0.478142
0.466142
0.454394
0.442892
0.431633
0.420614
0.40983
0.399278
0.388955
0.378857
0.36898
0.35932
0.349874
0.340639
0.33161
0.322785
0.31416
0.305732
0.297496
0.28945
0.28159
0.273914
0.266416
0.259096
0.251948
0.244971
0.23816
0.231512
0.225026
0.218696
0.212521
0.206498
0.200622
0.194893
0.189306
0.183858
0.178548
0.173371
0.168326
0.16341
0.158619
0.153952
0.149406
0.144977
0.140665
0.136465
0.132376
0.128395
0.124521
0.120749
0.117079
0.113508
0.110033
0.106653
0.103366
0.100168
0.0970588
0.0940355
0.0910962
0.088239
0.0854618
0.0827629
0.0801403
0.0775922
0.0751167
0.0727122
0.0703767
0.0681087
0.0659065
0.0637684
0.0616928
0.0596781
0.0577227
0.0558253
0.0539842
0.052198
0.0504653
0.0487847
0.0471548
0.0455743
0.0440419
0.0425562
0.0411161
0.0397204
0.0383677
0.037057
0.035787
0.0345568
0.0333651
0.032211
0.0310933
0.030011
0.0289632
0.0279489
0.0269671
0.0260169
0.0250974
0.0242077
0.0233469
0.0225142
0.0217088
0.0209299
0.0201767
0.0194485
0.0187444
0.0180638
0.017406
0.0167703
0.016156
0.0155625
0.0149891
0.0144352
0.0139003
0.0133837
0.0128848
0.0124032
0.0119383
0.0114894
0.0110563
0.0106383
0.0102349
0.00984577
0.00947037
0.00910826
0.00875902
0.00842224
0.0080975
0.00778443
0.00748262
0.00719171
0.00691135
0.00664117
0.00638085
0.00613005
0.00588846
0.00565575
0.00543164
0.00521583
0.00500803
0.00480798
0.00461541
0.00443006
0.00425168
0.00408002
0.00391486
0.00375597
0.00360313
0.00345612
0.00331475
0.0031788
0.00304809
0.00292242
0.00280163
0.00268553
0.00257396
0.00246674
0.00236373
0.00226477
0.00216971
0.00207841
0.00199073
0.00190654
0.00182571
0.0017481
0.00167361
0.00160212
0.00153351
0.00146767
0.00140451
0.00134391
0.00128579
0.00123004
0.00117658
0.00112531
0.00107616
0.00102905
0.000983883
0.000940597
0.000899115
0.000859367
0.000821285
0.000784803
0.000749858
0.00071639
0.000684339
0.000653649
0.000624266
0.000596138
0.000569214
0.000543445
0.000518786
0.00049519
0.000472615
0.000451018
0.000430361
0.000410604
0.000391711
0.000373646
0.000356373
0.000339862
0.00032408
0.000308996
0.000294581
0.000280808
0.000267648
0.000255077
0.00024307
0.000231602
0.00022065
0.000210193
0.000200209
0.000190679
0.000181581
0.000172899
0.000164613
0.000156707
0.000149165
0.000141969
0.000135105
0.000128559
0.000122317
0.000116365
0.00011069
0.00010528
0.000100123
9.52087e-05
9.05252e-05
8.60626e-05
8.18108e-05
7.77604e-05
7.39024e-05
7.0228e-05
6.67288e-05
6.33969e-05
6.02247e-05
5.72049e-05
5.43304e-05
5.15946e-05
4.89912e-05
4.65139e-05
4.4157e-05
4.19149e-05
3.97821e-05
3.77537e-05
3.58248e-05
3.39906e-05
3.22467e-05
3.05889e-05
2.90131e-05
2.75154e-05
2.60922e-05
2.47397e-05
2.34548e-05
2.22342e-05
2.10747e-05
1.99735e-05
1.89277e-05
1.79347e-05
1.69918e-05
1.60968e-05
1.52472e-05
1.44408e-05
1.36756e-05
1.29495e-05
1.22605e-05
1.16069e-05
1.0987e-05
1.0399e-05
9.84137e-06
9.3126e-06
8.81127e-06
8.336e-06
7.88549e-06
7.4585e-06
7.05384e-06
6.6704e-06
6.3071e-06
5.96292e-06
5.63689e-06
5.3281e-06
5.03567e-06
4.75875e-06
4.49657e-06
4.24835e-06
4.0134e-06
3.79101e-06
3.58055e-06
3.38139e-06
3.19296e-06
3.0147e-06
2.84607e-06
2.68657e-06
2.53573e-06
2.39309e-06
2.25823e-06
2.13072e-06
2.0102e-06
1.89628e-06
1.78862e-06
1.68688e-06
1.59075e-06
1.49993e-06
1.41414e-06
1.33311e-06
1.25659e-06
1.18432e-06
1.11609e-06
1.05167e-06
9.90854e-07
9.33455e-07
8.79283e-07
8.28162e-07
7.79927e-07
7.3442e-07
6.91491e-07
6.50999e-07
6.1281e-07
5.76797e-07
5.4284e-07
5.10825e-07
4.80645e-07
4.52198e-07
4.25387e-07
4.00121e-07
3.76314e-07
3.53884e-07
3.32754e-07
3.12851e-07
2.94105e-07
2.76452e-07
2.5983e-07
2.4418e-07
2.29447e-07
2.15579e-07
2.02527e-07
1.90244e-07
1.78686e-07
1.67811e-07
1.57581e-07
1.47958e-07
1.38907e-07
1.30395e-07
1.22392e-07
1.14866e-07
1.07792e-07
1.01142e-07
9.48912e-08
8.90172e-08
8.34975e-08
7.83114e-08
7.34392e-08
6.88625e-08
6.45638e-08
6.05267e-08
5.67358e-08
5.31763e-08
4.98347e-08
4.66978e-08
4.37535e-08
4.09903e-08
3.83973e-08
3.59644e-08
3.36819e-08
3.15407e-08
2.95323e-08
2.76488e-08
2.58825e-08
2.42264e-08
2.26737e-08
2.12181e-08
1.98538e-08
1.85752e-08
1.73769e-08
1.62542e-08
1.52023e-08
1.42169e-08
1.32938e-08
1.24294e-08
1.16198e-08
1.08618e-08
1.01521e-08
9.48771e-09
8.86581e-09
8.28376e-09
7.73905e-09
7.22937e-09
6.75249e-09
6.30637e-09
5.88907e-09
5.49878e-09
5.13378e-09
4.79247e-09
4.47336e-09
4.17503e-09
3.89616e-09
3.63552e-09
3.39193e-09
3.16431e-09
2.95164e-09
2.75296e-09
2.56736e-09
2.39402e-09
2.23212e-09
2.08095e-09
1.93979e-09
1.80801e-09
1.685e-09
1.57018e-09
1.46302e-09
1.36302e-09
1.26972e-09
1.18267e-09
1.10147e-09
1.02573e-09
9.55087e-10
8.89212e-10
8.27789e-10
7.70525e-10
7.17142e-10
6.67382e-10
6.21007e-10
5.77789e-10
5.37519e-10
5.00001e-10
4.65049e-10
4.32493e-10
4.02171e-10
3.73933e-10
3.4764e-10
3.23158e-10
3.00368e-10
2.79155e-10
2.5941e-10
2.41034e-10
2.23937e-10
2.08027e-10
1.93228e-10
1.79461e-10
1.66655e-10
1.54747e-10
1.43675e-10
1.33379e-10
1.23807e-10
1.1491e-10
1.06639e-10
9.89534e-11
9.18113e-11
8.51752e-11
7.90092e-11
7.32828e-11
6.79626e-11
6.30219e-11
5.84348e-11
5.41744e-11
5.02192e-11
4.65484e-11
4.31402e-11
3.99772e-11
3.70429e-11
3.4319e-11
3.17919e-11
2.94492e-11
2.7274e-11
2.52567e-11
2.33882e-11
2.16532e-11
2.00455e-11
1.85563e-11
1.7174e-11
1.58928e-11
1.47076e-11
1.36076e-11
1.2588e-11
1.16451e-11
1.07706e-11
9.96014e-12
9.21108e-12
8.5163e-12
7.87415e-12
7.27873e-12
6.72673e-12
6.21803e-12
5.74629e-12
5.30809e-12
4.90585e-12
4.53082e-12
4.18632e-12
3.86646e-12
3.56981e-12
3.29525e-12
3.04357e-12
2.80886e-12
2.59404e-12
2.39397e-12
2.20779e-12
2.0387e-12
1.88072e-12
1.73506e-12
1.60039e-12
1.47593e-12
1.36069e-12
1.25577e-12
1.15707e-12
1.06615e-12
9.83769e-13
9.07496e-13
8.35221e-13
7.70606e-13
7.09544e-13
6.52034e-13
6.01741e-13
5.53779e-13
5.09148e-13
4.70513e-13
4.32543e-13
3.97904e-13
3.67928e-13
3.36953e-13
3.0953e-13
2.86549e-13
2.63123e-13
2.40918e-13
2.23155e-13
2.03615e-13
1.87628e-13
1.7375e-13
1.59872e-13
1.45661e-13
1.35003e-13
1.22236e-13
1.1291e-13
1.0536e-13
9.4369e-14
8.74856e-14
8.18234e-14
7.31637e-14
6.79456e-14
6.27276e-14
5.60663e-14
5.26246e-14
4.80727e-14
4.28546e-14
4.05231e-14
3.67484e-14
3.4639e-14
3.29736e-14
2.85327e-14
2.4647e-14
2.60902e-14
2.20934e-14
1.85407e-14
1.9984e-14
1.65423e-14
1.58762e-14
1.58762e-14
1.29896e-14
1.17684e-14
1.22125e-14
1.03251e-14
9.32587e-15
9.76996e-15
6.43929e-15
7.77156e-15
7.43849e-15
5.44009e-15
5.88418e-15
6.77236e-15
3.55271e-15
4.44089e-15
3.9968e-15
2.33147e-15
3.55271e-15
2.44249e-15
2.10942e-15
3.55271e-15
3.10862e-15
1.77636e-15
3.44169e-15
9.99201e-16
6.66134e-16
2.10942e-15
1.77636e-15
1.44329e-15
2.44249e-15
2.22045e-16
1.33227e-15
1.55431e-15
1.44329e-15
1.11022e-16
1.11022e-15
2.22045e-16
6.66134e-16
1.33227e-15
-6.66134e-16
1.22125e-15
1.33227e-15
8.88178e-16
1.66533e-15
1.22125e-15
-2.22045e-16
1.22125e-15
1.33227e-15
-2.22045e-16
8.88178e-16
1.44329e-15
4.44089e-16
1.77636e-15
3.33067e-16
2.22045e-16
1.11022e-15
9.99201e-16
0
1.55431e-15
4.44089e-16
3.33067e-16
1.11022e-15
9.99201e-16
0
1.66533e-15
6.66134e-16
1.11022e-16
1.66533e-15
3.33067e-16
1.11022e-16
1.66533e-15
8.88178e-16
9.99201e-16
9.99201e-16
7.77156e-16
8.88178e-16
1.66533e-15
5.55112e-16
5.55112e-16
1.33227e-15
1.22125e-15
1.88738e-15
1.33227e-15
9.99201e-16
3.33067e-16
1.22125e-15
1.22125e-15
1.66533e-15
1.66533e-15
7.77156e-16
1.44329e-15
8.88178e-16
9.99201e-16
8.88178e-16
1.66533e-15
7.77156e-16
1.66533e-15
1.44329e-15
8.88178e-16
1.22125e-15
6.66134e-16
5.55112e-16
1.9984e-15
6.66134e-16
8.88178e-16
1.33227e-15
6.66134e-16
7.77156e-16
1.77636e-15
7.77156e-16
8.88178e-16
8.88178e-16
6.66134e-16
2.22045e-16
6.66134e-16
9.99201e-16
5.55112e-16
8.88178e-16
9.99201e-16
8.88178e-16
8.88178e-16
1.44329e-15
6.66134e-16
1.33227e-15
1.44329e-15
1.33227e-15
1.11022e-15
1.55431e-15
1.44329e-15
8.88178e-16
7.77156e-16
1.11022e-16
1.22125e-15
6.66134e-16
0
1.77636e-15
1.33227e-15
8.88178e-16
1.55431e-15
7.77156e-16
3.33067e-16
1.11022e-15
7.77156e-16
2.22045e-16
1.33227e-15
3.33067e-16
1.44329e-15
1.33227e-15
1.11022e-15
8.88178e-16
8.88178e-16
9.99201e-16
1.44329e-15
1.11022e-15
5.55112e-16
6.66134e-16
1.88738e-15
0
1.11022e-15
9.99201e-16
0
1.33227e-15
7.77156e-16
9.99201e-16
1.11022e-15
1.11022e-15
1.11022e-16
7.77156e-16
7.77156e-16
3.33067e-16
1.22125e-15
1.55431e-15
8.88178e-16
-2.22045e-16
7.77156e-16
8.88178e-16
1.55431e-15
2.22045e-16
7.77156e-16
1.22125e-15
1.11022e-16
4.44089e-16
7.77156e-16
8.88178e-16
3.33067e-16
7.77156e-16
9.99201e-16
3.33067e-16
9.99201e-16
7.77156e-16
3.33067e-16
6.66134e-16
1.11022e-16
8.88178e-16
0
4.44089e-16
-2.22045e-16
2.22045e-16
-4.44089e-16
-6.66134e-16
6.66134e-16
4.44089e-16
-2.22045e-16
1.11022e-15
1.11022e-16
0
6.66134e-16
3.33067e-16
1.11022e-16
8.88178e-16
5.55112e-16
8.88178e-16
3.33067e-16
3.33067e-16
7.77156e-16
-6.66134e-16
3.33067e-16
5.55112e-16
-2.22045e-16
0
2.22045e-16
6.66134e-16
3.33067e-16
3.33067e-16
5.55112e-16
-2.22045e-16
-2.22045e-16
4.44089e-16
-4.44089e-16
-2.22045e-16
3.33067e-16
1.11022e-16
1.11022e-16
-2.22045e-16
1.11022e-16
-2.22045e-16
-2.22045e-16
0
2.22045e-16
2.22045e-16
5.55112e-16
1.11022e-16
-2.22045e-16
3.33067e-16
0
-2.22045e-16
0
-2.22045e-16
2.22045e-16
-2.22045e-16
1.11022e-16
-6.66134e-16
5.55112e-16
1.11022e-16
-2.22045e-16
1.11022e-16
6.66134e-16
1.11022e-16
1.11022e-16
3.33067e-16
1.11022e-16
-2.22045e-16
4.44089e-16
2.22045e-16
1.11022e-16
-4.44089e-16
5.55112e-16
3.33067e-16
0
0
1.11022e-16
-6.66134e-16
-4.44089e-16
-4.44089e-16
6.66134e-16
0
0
0
1.11022e-16
0
-6.66134e-16
-1.33227e-15
-6.66134e-16
-4.44089e-16
-1.11022e-15
-2.22045e-16
0
-4.44089e-16
-6.66134e-16
-6.66134e-16
4.44089e-16
-8.88178e-16
-4.44089e-16
3.33067e-16
-1.11022e-15
-8.88178e-16
-6.66134e-16
-2.22045e-16
-8.88178e-16
-6.66134e-16
-4.44089e-16
-8.88178e-16
-8.88178e-16
-1.11022e-15
-1.11022e-15
-8.88178e-16
-1.33227e-15
-2.22045e-16
-4.44089e-16
-1.55431e-15
-4.44089e-16
2.22045e-16
-4.44089e-16
-2.22045e-16
1.11022e-16
-6.66134e-16
-1.77636e-15
0
-4.44089e-16
-1.11022e-15
1.11022e-16
-8.88178e-16
-6.66134e-16
-6.66134e-16
-6.66134e-16
-6.66134e-16
-1.11022e-15
8.88178e-16
2.22045e-16
9.99201e-16
0
-2.22045e-16
-2.22045e-16
-4.44089e-16
-4.44089e-16
-2.22045e-16
6.66134e-16
0
-8.88178e-16
-2.22045e-16
-1.77636e-15
-2.22045e-16
-1.55431e-15
-1.77636e-15
-1.9984e-15
3.33067e-16
-1.77636e-15
-2.22045e-16
3.33067e-16
-2.44249e-15
-2.22045e-15
3.33067e-16
-1.11022e-15
-6.66134e-16
-2.22045e-16
-4.44089e-16
-1.77636e-15
-1.33227e-15
-2.44249e-15
-1.33227e-15
-1.11022e-15
-2.22045e-15
-1.33227e-15
-6.66134e-16
-2.22045e-15
-2.22045e-16
-6.66134e-16
-2.44249e-15
-2.22045e-15
-6.66134e-16
-2.22045e-15
-1.11022e-15
-8.88178e-16
-8.88178e-16
-6.66134e-16
-4.44089e-16
-8.88178e-16
-1.33227e-15
-1.11022e-15
-4.44089e-16
-1.11022e-15
-6.66134e-16
-1.33227e-15
-8.88178e-16
-6.66134e-16
-1.11022e-15
-8.88178e-16
-1.11022e-15
1.11022e-16
-8.88178e-16
-1.33227e-15
5.55112e-16
-1.11022e-15
-1.77636e-15
-8.88178e-16
-8.88178e-16
-1.33227e-15
-1.11022e-15
-1.11022e-15
-1.55431e-15
-1.33227e-15
-1.77636e-15
4.44089e-16
8.88178e-16
-2.22045e-15
-1.9984e-15
-4.44089e-16
-1.11022e-15
2.22045e-16
-2.22045e-16
-1.9984e-15
-1.55431e-15
-2.22045e-16
-1.55431e-15
-4.44089e-16
-2.22045e-16
-1.33227e-15
-2.22045e-16
0
-8.88178e-16
3.33067e-16
5.55112e-16
-1.33227e-15
-1.33227e-15
1.11022e-16
-1.55431e-15
0
3.33067e-16
-1.11022e-15
-1.11022e-15
-2.22045e-16
-2.22045e-16
4.44089e-16
-1.77636e-15
-6.66134e-16
4.44089e-16
8.88178e-16
-4.44089e-16
9.99201e-16
1.44329e-15
1.11022e-16
8.88178e-16
8.88178e-16
-6.66134e-16
5.55112e-16
8.88178e-16
8.88178e-16
-6.66134e-16
-1.11022e-15
9.99201e-16
-6.66134e-16
-1.11022e-15
4.44089e-16
-1.55431e-15
-8.88178e-16
5.55112e-16
-4.44089e-16
0
1.11022e-15
2.33147e-15
5.55112e-16
2.22045e-15
1.55431e-15
2.66454e-15
3.21965e-15
1.11022e-15
3.33067e-15
3.88578e-15
2.10942e-15
4.21885e-15
4.66294e-15
3.44169e-15
4.77396e-15
6.55032e-15
4.996e-15
6.21725e-15
9.99201e-15
8.88178e-15
9.54792e-15
1.23235e-14
1.15463e-14
1.19904e-14
1.60982e-14
1.4766e-14
1.67644e-14
1.80966e-14
1.88738e-14
2.03171e-14
2.34257e-14
2.52021e-14
2.75335e-14
2.83107e-14
3.23075e-14
3.66374e-14
4.03011e-14
4.18554e-14
4.66294e-14
5.11813e-14
5.39568e-14
5.9841e-14
6.58362e-14
6.95e-14
7.67164e-14
8.38218e-14
8.92619e-14
9.83658e-14
1.0425e-13
1.14686e-13
1.2268e-13
1.34337e-13
1.47882e-13
1.58762e-13
1.73306e-13
1.8896e-13
2.07168e-13
2.22711e-13
2.43361e-13
2.65343e-13
2.85882e-13
3.12195e-13
3.40061e-13
3.69482e-13
4.01235e-13
4.32765e-13
4.70957e-13
5.11591e-13
5.54445e-13
6.04627e-13
6.55143e-13
7.09544e-13
7.70606e-13
8.37663e-13
9.0683e-13
9.86877e-13
1.06992e-12
1.15841e-12
1.25666e-12
1.36602e-12
1.47615e-12
1.60416e-12
1.73905e-12
1.88138e-12
2.03959e-12
2.21334e-12
2.39442e-12
2.59714e-12
2.81353e-12
3.04445e-12
3.29792e-12
3.5747e-12
3.86757e-12
4.18765e-12
4.53571e-12
4.9083e-12
5.3112e-12
5.75096e-12
6.22091e-12
6.73184e-12
7.28317e-12
7.87703e-12
8.51852e-12
9.21618e-12
9.96458e-12
1.07757e-11
1.165e-11
1.25925e-11
1.361e-11
1.47111e-11
1.58968e-11
1.71765e-11
1.85596e-11
2.00495e-11
2.16557e-11
2.33913e-11
2.52605e-11
2.72764e-11
2.94517e-11
3.1795e-11
3.43212e-11
3.7046e-11
3.99804e-11
4.31424e-11
4.65522e-11
5.02223e-11
5.41767e-11
5.84357e-11
6.30246e-11
6.79646e-11
7.32862e-11
7.90121e-11
8.5177e-11
9.18122e-11
9.89558e-11
1.06641e-10
1.14913e-10
1.2381e-10
1.33381e-10
1.43676e-10
1.5475e-10
1.66658e-10
1.79464e-10
1.9323e-10
2.08029e-10
2.23937e-10
2.41036e-10
2.59412e-10
2.79158e-10
3.0037e-10
3.2316e-10
3.4764e-10
3.73934e-10
4.02173e-10
4.32496e-10
4.65051e-10
5.00003e-10
5.3752e-10
5.7779e-10
6.21008e-10
6.67385e-10
7.17143e-10
7.70527e-10
8.27791e-10
8.89213e-10
9.55088e-10
1.02573e-09
1.10147e-09
1.18267e-09
1.26972e-09
1.36302e-09
1.46302e-09
1.57018e-09
1.685e-09
1.80801e-09
1.93979e-09
2.08095e-09
2.23212e-09
2.39402e-09
2.56737e-09
2.75296e-09
2.95164e-09
3.16431e-09
3.39193e-09
3.63552e-09
3.89616e-09
4.17503e-09
4.47336e-09
4.79247e-09
5.13378e-09
5.49878e-09
5.88908e-09
6.30638e-09
6.7525e-09
7.22936e-09
7.73905e-09
8.28376e-09
8.86581e-09
9.48771e-09
1.01521e-08
1.08618e-08
1.16198e-08
1.24294e-08
1.32938e-08
1.42169e-08
1.52023e-08
1.62542e-08
1.73769e-08
1.85752e-08
1.98538e-08
2.12181e-08
2.26737e-08
2.42264e-08
2.58825e-08
2.76488e-08
2.95323e-08
3.15407e-08
3.36819e-08
3.59644e-08
3.83973e-08
4.09903e-08
4.37535e-08
4.66978e-08
4.98347e-08
5.31763e-08
5.67358e-08
6.05267e-08
6.45638e-08
6.88625e-08
7.34392e-08
7.83114e-08
8.34975e-08
8.90172e-08
9.48912e-08
1.01142e-07
1.07792e-07
1.14866e-07
1.22392e-07
1.30395e-07
1.38907e-07
1.47958e-07
1.57581e-07
1.67811e-07
1.78686e-07
1.90244e-07
2.02527e-07
2.15579e-07
2.29447e-07
2.4418e-07
2.5983e-07
2.76452e-07
2.94105e-07
3.12851e-07
3.32754e-07
3.53884e-07
3.76314e-07
4.00121e-07
4.25387e-07
4.52198e-07
4.80645e-07
5.10825e-07
5.4284e-07
5.76797e-07
6.1281e-07
6.50999e-07
6.91491e-07
7.3442e-07
7.79927e-07
8.28162e-07
8.79283e-07
9.33455e-07
9.90854e-07
1.05167e-06
1.11609e-06
1.18432e-06
1.25659e-06
1.33311e-06
1.41414e-06
1.49993e-06
1.59075e-06
1.68688e-06
1.78862e-06
1.89628e-06
2.0102e-06
2.13072e-06
2.25823e-06
2.39309e-06
2.53573e-06
2.68657e-06
2.84607e-06
3.0147e-06
3.19296e-06
3.38139e-06
3.58055e-06
3.79101e-06
4.0134e-06
4.24835e-06
4.49657e-06
4.75875e-06
5.03567e-06
5.3281e-06
5.63689e-06
5.96292e-06
6.3071e-06
6.6704e-06
7.05384e-06
7.4585e-06
7.88549e-06
8.336e-06
8.81127e-06
9.3126e-06
9.84137e-06
1.0399e-05
1.0987e-05
1.16069e-05
1.22605e-05
1.29495e-05
1.36756e-05
1.44408e-05
1.52472e-05
1.60968e-05
1.69918e-05
1.79347e-05
1.89277e-05
1.99735e-05
2.10747e-05
2.22342e-05
2.34548e-05
2.47397e-05
2.60922e-05
2.75154e-05
2.90131e-05
3.05889e-05
3.22467e-05
3.39906e-05
3.58248e-05
3.77537e-05
3.97821e-05
4.19149e-05
4.4157e-05
4.65139e-05
4.89912e-05
5.15946e-05
5.43304e-05
5.72049e-05
6.02247e-05
6.33969e-05
6.67288e-05
7.0228e-05
7.39024e-05
7.77604e-05
8.18108e-05
8.60626e-05
9.05252e-05
9.52087e-05
0.000100123
0.00010528
0.00011069
0.000116365
0.000122317
0.000128559
0.000135105
0.000141969
0.000149165
0.000156707
0.000164613
0.000172899
0.000181581
0.000190679
0.000200209
0.000210193
0.00022065
0.000231602
0.00024307
0.000255077
0.000267648
0.000280808
0.000294581
0.000308996
0.00032408
0.000339862
0.000356373
0.000373646
0.000391711
0.000410604
0.000430361
0.000451018
0.000472615
0.00049519
0.000518786
0.000543445
0.000569214
0.000596138
0.000624266
0.000653649
0.000684339
0.00071639
0.000749858
0.000784803
0.000821285
0.000859367
0.000899115
0.000940597
0.000983883
0.00102905
0.00107616
0.00112531
0.00117658
0.00123004
0.00128579
0.00134391
0.00140451
0.00146767
0.00153351
0.00160212
0.00167361
0.0017481
0.00182571
0.00190654
0.00199073
0.00207841
0.00216971
0.00226477
0.00236373
0.00246674
0.00257396
0.00268553
0.00280163
0.00292242
0.00304809
0.0031788
0.00331475
0.00345612
0.00360313
0.00375597
0.00391486
0.00408002
0.00425168
0.00443006
0.00461541
0.00480798
0.00500803
0.00521583
0.00543164
0.00565575
0.00588846
0.00613005
0.00638085
0.00664117
0.00691135
0.00719171
0.00748262
0.00778443
0.0080975
0.00842224
0.00875902
0.00910826
0.00947037
0.00984577
0.0102349
0.0106383
0.0110563
0.0114894
0.0119383
0.0124032
0.0128848
0.0133837
0.0139003
0.0144352
0.0149891
0.0155625
0.016156
0.0167703
0.017406
0.0180638
0.0187444
0.0194485
0.0201767
0.0209299
0.0217088
0.0225142
0.0233469
0.0242077
0.0250974
0.0260169
0.0269671
0.0279489
0.0289632
0.030011
0.0310933
0.032211
0.0333651
0.0345568
0.035787
0.037057
0.0383677
0.0397204
0.0411161
0.0425562
0.0440419
0.0455743
0.0471548
0.0487847
0.0504653
0.052198
0.0539842
0.0558253
0.0577227
0.0596781
0.0616928
0.0637684
0.0659065
0.0681087
0.0703767
0.0727122
0.0751167
0.0775922
0.0801403
0.0827629
0.0854618
0.088239
0.0910962
0.0940355
0.0970588
0.100168
0.103366
0.106653
0.110033
0.113508
0.117079
0.120749
0.124521
0.128395
0.132376
0.136465
0.140665
0.144977
0.149406
0.153952
0.158619
0.16341
0.168326
0.173371
0.178548
0.183858
0.189306
0.194893
0.200622
0.206498
0.212521
0.218696
0.225026
0.231512
0.23816
0.244971
0.251948
0.259096
0.266416
0.273914
0.28159
0.28945
0.297496
0.305732
0.31416
0.322785
0.33161
0.340639
0.349874
0.35932
0.36898
0.378857
0.388955
0.399278
0.40983
0.420614
0.431633
0.442892
0.454394
0.466142
0.478142
0.490395
0.502907
0.515681
0.52872
0.542028
0.55561
0.569469
0.583609
0.598033
0.612745
0.62775
0.64305
0.65865
0.674554
0.690765
0.707286
0.724123
0.741277
0.758754
0.776556
0.794687
0.813152
0.831953
0.851093
0.870578
0.890409
0.910591
0.931127
0.95202
0.973273
0.994891
1.01688
1.03923
1.06196
1.08506
1.10855
1.13241
1.15666
1.1813
1.20633
1.23175
1.25757
1.28379
1.31041
1.33743
1.36486
1.39269
1.42093
1.44959
1.47866
1.50814
1.53804
1.56836
1.5991
1.63026
1.66184
1.69384
1.72627
1.75913
1.79241
1.82612
1.86025
1.89481
1.9298
1.96522
2.00106
2.03733
2.07403
2.11116
2.14871
2.18668
2.22508
2.2639
2.30314
2.3428
2.38288
2.42337
2.46428
2.5056
2.54733
2.58947
2.63201
2.67496
2.7183
2.76203
2.80616
2.85068
2.89558
2.94086
2.98651
3.03254
3.07893
3.12569
3.1728
3.22027
3.26808
3.31623
3.36472
3.41354
3.46268
3.51213
3.5619
3.61197
3.66234
3.71299
3.76393
3.81514
3.86662
3.91836
3.97035
4.02258
4.07505
4.12774
4.18064
4.23376
4.28707
4.34057
4.39424
4.44809
4.5021
4.55625
4.61055
4.66497
4.71951
4.77416
4.8289
4.88373
4.93863
4.99359
5.0486
5.10365
5.15872
5.21381
5.26891
5.32399
5.37905
5.43407
5.48905
5.54397
5.59881
5.65357
5.70823
5.76277
5.81719
5.87147
5.9256
5.97956
6.03334
6.08693
6.14031
6.19347
6.24639
6.29907
6.35149
6.40362
6.45547
6.50702
6.55824
6.60914
6.65969
6.70988
6.75969
6.80912
6.85815
6.90676
6.95494
7.00268
7.04996
7.09677
7.1431
7.18894
7.23426
7.27905
7.32331
7.36702
7.41017
7.45274
7.49472
7.5361
7.57686
7.617
7.6565
7.69535
7.73353
7.77104
7.80786
7.84399
7.8794
7.9141
7.94806
7.98128
8.01375
8.04546
8.07639
8.10654
8.1359
8.16445
8.1922
8.21912
8.24522
8.27048
8.29489
8.31845
8.34115
8.36299
8.38394
8.40402
8.4232
8.44149
8.45888
8.47536
8.49093
8.50558
8.51931
8.53211
8.54398
8.55492
8.56492
8.57397
8.58208
8.58924
8.59546
8.60072
8.60502
8.60837
8.61077
8.6122
8.61268
