2048 1 1
1.3575e-10 2.21679e-10 3.13501e-10
3.01523
3.01518
3.01501
3.01473
3.01433
3.01383
3.01321
3.01249
3.01165
3.0107
3.00963
3.00846
3.00718
3.00578
3.00428
3.00267
3.00094
2.99911
2.99717
2.99512
2.99296
2.9907
2.98833
2.98585
2.98327
2.98058
2.97779
2.97489
2.97189
2.96878
2.96558
2.96227
2.95886
2.95535
2.95174
2.94803
2.94423
2.94033
2.93633
2.93223
2.92804
2.92376
2.91938
2.91491
2.91036
2.90571
2.90097
2.89614
2.89122
2.88622
2.88113
2.87596
2.87071
2.86537
2.85995
2.85445
2.84887
2.84321
2.83748
2.83167
2.82578
2.81982
2.81379
2.80769
2.80151
2.79527
2.78896
2.78258
2.77613
2.76963
2.76305
2.75642
2.74972
2.74296
2.73615
2.72928
2.72235
2.71536
2.70832
2.70123
2.69409
2.6869
2.67965
2.67236
2.66502
2.65764
2.65021
2.64274
2.63523
2.62768
2.62008
2.61245
2.60478
2.59708
2.58934
2.58157
2.57376
2.56592
2.55806
2.55016
2.54223
2.53428
2.52631
2.51831
2.51028
2.50223
2.49417
2.48608
2.47797
2.46985
2.4617
2.45355
2.44537
2.43719
2.42899
2.42078
2.41256
2.40433
2.39609
2.38784
2.37959
2.37133
2.36306
2.35479
2.34652
2.33825
2.32998
2.3217
2.31343
2.30515
2.29688
2.28862
2.28035
2.27209
2.26384
2.25559
2.24736
2.23912
2.2309
2.22269
2.21448
2.20629
2.19811
2.18994
2.18178
2.17364
2.16551
2.15739
2.14929
2.14121
2.13314
2.12509
2.11706
2.10904
2.10104
2.09307
2.08511
2.07717
2.06925
2.06136
2.05348
2.04563
2.0378
2.02999
2.0222
2.01444
2.0067
1.99899
1.9913
1.98364
1.976
1.96838
1.96079
1.95323
1.9457
1.93819
1.9307
1.92325
1.91582
1.90842
1.90104
1.8937
1.88638
1.87909
1.87183
1.8646
1.85739
1.85022
1.84307
1.83596
1.82887
1.82181
1.81478
1.80778
1.80081
1.79387
1.78695
1.78007
1.77322
1.7664
1.7596
1.75284
1.74611
1.7394
1.73273
1.72608
1.71947
1.71288
1.70632
1.6998
1.6933
1.68683
1.68039
1.67398
1.6676
1.66125
1.65493
1.64863
1.64237
1.63613
1.62993
1.62375
1.6176
1.61148
1.60538
1.59932
1.59328
1.58727
1.58129
1.57533
1.56941
1.56351
1.55764
1.55179
1.54597
1.54018
1.53442
1.52868
1.52296
1.51728
1.51162
1.50598
1.50037
1.49479
1.48923
1.4837
1.47819
1.47271
1.46725
1.46182
1.45641
1.45102
1.44566
1.44033
1.43501
1.42972
1.42446
1.41921
1.41399
1.4088
1.40362
1.39847
1.39334
1.38823
1.38315
1.37808
1.37304
1.36802
1.36302
1.35804
1.35309
1.34815
1.34324
1.33834
1.33347
1.32862
1.32378
1.31897
1.31418
1.3094
1.30465
1.29991
1.2952
1.2905
1.28583
1.28117
1.27653
1.27191
1.26731
1.26272
1.25816
1.25361
1.24908
1.24457
1.24007
1.2356
1.23114
1.2267
1.22227
1.21786
1.21347
1.2091
1.20474
1.2004
1.19608
1.19177
1.18748
1.18321
1.17895
1.17471
1.17048
1.16627
1.16208
1.1579
1.15373
1.14959
1.14545
1.14134
1.13724
1.13315
1.12908
1.12502
1.12098
1.11695
1.11294
1.10895
1.10496
1.101
1.09704
1.09311
1.08918
1.08527
1.08138
1.07749
1.07363
1.06977
1.06594
1.06211
1.0583
1.0545
1.05072
1.04695
1.04319
1.03945
1.03572
1.03201
1.02831
1.02462
1.02095
1.01728
1.01364
1.01
1.00638
1.00277
0.99918
0.995599
0.992031
0.988477
0.984935
0.981406
0.977891
0.974388
0.970898
0.967422
0.963958
0.960507
0.957069
0.953644
0.950231
0.946832
0.943445
0.940071
0.93671
0.933361
0.930025
0.926701
0.92339
0.920092
0.916807
0.913534
0.910273
0.907025
0.903789
0.900566
0.897356
0.894157
0.890972
0.887798
0.884637
0.881488
0.878352
0.875228
0.872116
0.869017
0.86593
0.862855
0.859792
0.856742
0.853704
0.850678
0.847664
0.844662
0.841673
0.838695
0.83573
0.832777
0.829836
0.826907
0.823989
0.821084
0.818191
0.815311
0.812441
0.809584
0.806739
0.803906
0.801085
0.798276
0.795478
0.792693
0.789919
0.787157
0.784407
0.781669
0.778942
0.776227
0.773524
0.770833
0.768154
0.765486
0.76283
0.760185
0.757553
0.754931
0.752322
0.749724
0.747137
0.744563
0.741999
0.739447
0.736907
0.734378
0.731861
0.729355
0.72686
0.724377
0.721906
0.719445
0.716996
0.714559
0.712132
0.709717
0.707313
0.704921
0.702539
0.700169
0.69781
0.695462
0.693125
0.690799
0.688485
0.686181
0.683888
0.681607
0.679336
0.677077
0.674828
0.67259
0.670363
0.668147
0.665942
0.663748
0.661564
0.659391
0.657229
0.655078
0.652937
0.650807
0.648688
0.646579
0.644481
0.642393
0.640316
0.638249
0.636193
0.634147
0.632112
0.630087
0.628072
0.626068
0.624074
0.62209
0.620117
0.618154
0.616201
0.614258
0.612325
0.610402
0.60849
0.606587
0.604694
0.602812
0.600939
0.599076
0.597224
0.595381
0.593548
0.591724
0.589911
0.588107
0.586313
0.584528
0.582753
0.580988
0.579232
0.577486
0.57575
0.574023
0.572305
0.570597
0.568898
0.567208
0.565528
0.563857
0.562196
0.560543
0.5589
0.557266
0.555641
0.554025
0.552418
0.550821
0.549232
0.547652
0.546081
0.544519
0.542966
0.541422
0.539886
0.53836
0.536842
0.535332
0.533832
0.53234
0.530856
0.529382
0.527915
0.526457
0.525008
0.523567
0.522135
0.520711
0.519295
0.517887
0.516488
0.515097
0.513714
0.512339
0.510973
0.509614
0.508264
0.506921
0.505587
0.50426
0.502942
0.501631
0.500328
0.499033
0.497746
0.496467
0.495195
0.493931
0.492675
0.491426
0.490185
0.488951
0.487725
0.486506
0.485295
0.484091
0.482895
0.481706
0.480524
0.47935
0.478183
0.477023
0.47587
0.474724
0.473586
0.472454
0.47133
0.470213
0.469102
0.467999
0.466902
0.465813
0.46473
0.463654
0.462585
0.461523
0.460467
0.459418
0.458376
0.45734
0.456311
0.455289
0.454273
0.453263
0.45226
0.451264
0.450273
0.44929
0.448312
0.447341
0.446376
0.445417
0.444465
0.443519
0.442579
0.441645
0.440717
0.439795
0.438879
0.437969
0.437066
0.436168
0.435276
0.43439
0.433509
0.432635
0.431766
0.430903
0.430046
0.429194
0.428349
0.427508
0.426674
0.425845
0.425021
0.424203
0.423391
0.422584
0.421782
0.420986
0.420195
0.419409
0.418629
0.417854
0.417085
0.41632
0.415561
0.414807
0.414058
0.413314
0.412575
0.411842
0.411113
0.410389
0.409671
0.408957
0.408248
0.407544
0.406845
0.406151
0.405461
0.404777
0.404097
0.403421
0.402751
0.402085
0.401424
0.400767
0.400115
0.399468
0.398825
0.398187
0.397553
0.396924
0.396299
0.395678
0.395062
0.39445
0.393843
0.39324
0.392641
0.392046
0.391456
0.39087
0.390288
0.38971
0.389137
0.388567
0.388002
0.38744
0.386883
0.38633
0.38578
0.385235
0.384694
0.384156
0.383623
0.383093
0.382567
0.382045
0.381527
0.381012
0.380502
0.379995
0.379492
0.378992
0.378496
0.378004
0.377516
0.377031
0.376549
0.376071
0.375597
0.375126
0.374659
0.374195
0.373735
0.373278
0.372825
0.372375
0.371928
0.371484
0.371044
0.370608
0.370174
0.369744
0.369317
0.368893
0.368473
0.368055
0.367641
0.36723
0.366822
0.366418
0.366016
0.365617
0.365222
0.364829
0.364439
0.364053
0.363669
0.363289
0.362911
0.362536
0.362164
0.361795
0.361429
0.361066
0.360705
0.360347
0.359992
0.35964
0.359291
0.358944
0.3586
0.358259
0.35792
0.357584
0.357251
0.356921
0.356592
0.356267
0.355944
0.355624
0.355306
0.354991
0.354678
0.354368
0.35406
0.353755
0.353452
0.353151
0.352853
0.352558
0.352265
0.351974
0.351685
0.351399
0.351115
0.350834
0.350554
0.350277
0.350002
0.34973
0.34946
0.349192
0.348926
0.348662
0.3484
0.348141
0.347884
0.347629
0.347376
0.347125
0.346876
0.346629
0.346385
0.346142
0.345901
0.345663
0.345426
0.345191
0.344959
0.344728
0.344499
0.344273
0.344048
0.343825
0.343604
0.343384
0.343167
0.342952
0.342738
0.342526
0.342316
0.342108
0.341902
0.341697
0.341494
0.341293
0.341094
0.340896
0.3407
0.340506
0.340313
0.340123
0.339934
0.339746
0.33956
0.339376
0.339194
0.339013
0.338833
0.338656
0.33848
0.338305
0.338132
0.337961
0.337791
0.337622
0.337456
0.33729
0.337126
0.336964
0.336803
0.336644
0.336486
0.33633
0.336174
0.336021
0.335869
0.335718
0.335569
0.335421
0.335274
0.335129
0.334985
0.334843
0.334701
0.334562
0.334423
0.334286
0.33415
0.334016
0.333882
0.33375
0.33362
0.33349
0.333362
0.333235
0.333109
0.332985
0.332862
0.33274
0.332619
0.332499
0.332381
0.332264
0.332148
0.332033
0.331919
0.331806
0.331695
0.331585
0.331476
0.331368
0.331261
0.331155
0.33105
0.330947
0.330844
0.330743
0.330642
0.330543
0.330445
0.330347
0.330251
0.330156
0.330062
0.329969
0.329877
0.329786
0.329696
0.329607
0.329519
0.329432
0.329346
0.329261
0.329177
0.329094
0.329011
0.32893
0.32885
0.328771
0.328692
0.328615
0.328538
0.328463
0.328388
0.328314
0.328241
0.328169
0.328098
0.328028
0.327958
0.32789
0.327822
0.327756
0.32769
0.327625
0.327561
0.327497
0.327435
0.327373
0.327312
0.327252
0.327193
0.327135
0.327077
0.327021
0.326965
0.32691
0.326856
0.326802
0.326749
0.326698
0.326646
0.326596
0.326547
0.326498
0.32645
0.326403
0.326356
0.32631
0.326265
0.326221
0.326178
0.326135
0.326093
0.326052
0.326011
0.325972
0.325933
0.325894
0.325857
0.32582
0.325784
0.325748
0.325714
0.32568
0.325646
0.325614
0.325582
0.325551
0.32552
0.32549
0.325461
0.325433
0.325405
0.325378
0.325352
0.325326
0.325301
0.325277
0.325254
0.325231
0.325208
0.325187
0.325166
0.325146
0.325126
0.325107
0.325089
0.325071
0.325054
0.325038
0.325023
0.325008
0.324993
0.32498
0.324967
0.324955
0.324943
0.324932
0.324921
0.324912
0.324903
0.324894
0.324887
0.324879
0.324873
0.324867
0.324862
0.324858
0.324854
0.32485
0.324848
0.324846
0.324845
0.324844
0.324844
0.324845
0.324846
0.324848
0.32485
0.324854
0.324858
0.324862
0.324867
0.324873
0.324879
0.324887
0.324894
0.324903
0.324912
0.324921
0.324932
0.324943
0.324955
0.324967
0.32498
0.324993
0.325008
0.325023
0.325038
0.325054
0.325071
0.325089
0.325107
0.325126
0.325146
0.325166
0.325187
0.325208
0.325231
0.325254
0.325277
0.325301
0.325326
0.325352
0.325378
0.325405
0.325433
0.325461
0.32549
0.32552
0.325551
0.325582
0.325614
0.325646
0.32568
0.325714
0.325748
0.325784
0.32582
0.325857
0.325894
0.325933
0.325972
0.326011
0.326052
0.326093
0.326135
0.326178
0.326221
0.326265
0.32631
0.326356
0.326403
0.32645
0.326498
0.326547
0.326596
0.326646
0.326698
0.326749
0.326802
0.326856
0.32691
0.326965
0.327021
0.327077
0.327135
0.327193
0.327252
0.327312
0.327373
0.327435
0.327497
0.327561
0.327625
0.32769
0.327756
0.327822
0.32789
0.327958
0.328028
0.328098
0.328169
0.328241
0.328314
0.328388
0.328463
0.328538
0.328615
0.328692
0.328771
0.32885
0.32893
0.329011
0.329094
0.329177
0.329261
0.329346
0.329432
0.329519
0.329607
0.329696
0.329786
0.329877
0.329969
0.330062
0.330156
0.330251
0.330347
0.330445
0.330543
0.330642
0.330743
0.330844
0.330947
0.33105
0.331155
0.331261
0.331368
0.331476
0.331585
0.331695
0.331806
0.331919
0.332033
0.332148
0.332264
0.332381
0.332499
0.332619
0.33274
0.332862
0.332985
0.333109
0.333235
0.333362
0.33349
0.33362
0.33375
0.333882
0.334016
0.33415
0.334286
0.334423
0.334562
0.334701
0.334843
0.334985
0.335129
0.335274
0.335421
0.335569
0.335718
0.335869
0.336021
0.336174
0.33633
0.336486
0.336644
0.336803
0.336964
0.337126
0.33729
0.337456
0.337622
0.337791
0.337961
0.338132
0.338305
0.33848
0.338656
0.338833
0.339013
0.339194
0.339376
0.33956
0.339746
0.339934
0.340123
0.340313
0.340506
0.3407
0.340896
0.341094
0.341293
0.341494
0.341697
0.341902
0.342108
0.342316
0.342526
0.342738
0.342952
0.343167
0.343384
0.343604
0.343825
0.344048
0.344273
0.344499
0.344728
0.344959
0.345191
0.345426
0.345663
0.345901
0.346142
0.346385
0.346629
0.346876
0.347125
0.347376
0.347629
0.347884
0.348141
0.3484
0.348662
0.348926
0.349192
0.34946
0.34973
0.350002
0.350277
0.350554
0.350834
0.351115
0.351399
0.351685
0.351974
0.352265
0.352558
0.352853
0.353151
0.353452
0.353755
0.35406
0.354368
0.354678
0.354991
0.355306
0.355624
0.355944
0.356267
0.356592
0.356921
0.357251
0.357584
0.35792
0.358259
0.3586
0.358944
0.359291
0.35964
0.359992
0.360347
0.360705
0.361066
0.361429
0.361795
0.362164
0.362536
0.362911
0.363289
0.363669
0.364053
0.364439
0.364829
0.365222
0.365617
0.366016
0.366418
0.366822
0.36723
0.367641
0.368055
0.368473
0.368893
0.369317
0.369744
0.370174
0.370608
0.371044
0.371484
0.371928
0.372375
0.372825
0.373278
0.373735
0.374195
0.374659
0.375126
0.375597
0.376071
0.376549
0.377031
0.377516
0.378004
0.378496
0.378992
0.379492
0.379995
0.380502
0.381012
0.381527
0.382045
0.382567
0.383093
0.383623
0.384156
0.384694
0.385235
0.38578
0.38633
0.386883
0.38744
0.388002
0.388567
0.389137
0.38971
0.390288
0.39087
0.391456
0.392046
0.392641
0.39324
0.393843
0.39445
0.395062
0.395678
0.396299
0.396924
0.397553
0.398187
0.398825
0.399468
0.400115
0.400767
0.401424
0.402085
0.402751
0.403421
0.404097
0.404777
0.405461
0.406151
0.406845
0.407544
0.408248
0.408957
0.409671
0.410389
0.411113
0.411842
0.412575
0.413314
0.414058
0.414807
0.415561
0.41632
0.417085
0.417854
0.418629
0.419409
0.420195
0.420986
0.421782
0.422584
0.423391
0.424203
0.425021
0.425845
0.426674
0.427508
0.428349
0.429194
0.430046
0.430903
0.431766
0.432635
0.433509
0.43439
0.435276
0.436168
0.437066
0.437969
0.438879
0.439795
0.440717
0.441645
0.442579
0.443519
0.444465
0.445417
0.446376
0.447341
0.448312
0.44929
0.450273
0.451264
0.45226
0.453263
0.454273
0.455289
0.456311
0.45734
0.458376
0.459418
0.460467
0.461523
0.462585
0.463654
0.46473
0.465813
0.466902
0.467999
0.469102
0.470213
0.47133
0.472454
0.473586
0.474724
0.47587
0.477023
0.478183
0.47935
0.480524
0.481706
0.482895
0.484091
0.485295
0.486506
0.487725
0.488951
0.490185
0.491426
0.492675
0.493931
0.495195
0.496467
0.497746
0.499033
0.500328
0.501631
0.502942
0.50426
0.505587
0.506921
0.508264
0.509614
0.510973
0.512339
0.513714
0.515097
0.516488
0.517887
0.519295
0.520711
0.522135
0.523567
0.525008
0.526457
0.527915
0.529382
0.530856
0.53234
0.533832
0.535332
0.536842
0.53836
0.539886
0.541422
0.542966
0.544519
0.546081
0.547652
0.549232
0.550821
0.552418
0.554025
0.555641
0.557266
0.5589
0.560543
0.562196
0.563857
0.565528
0.567208
0.568898
0.570597
0.572305
0.574023
0.57575
0.577486
0.579232
0.580988
0.582753
0.584528
0.586313
0.588107
0.589911
0.591724
0.593548
0.595381
0.597224
0.599076
0.600939
0.602812
0.604694
0.606587
0.60849
0.610402
0.612325
0.614258
0.616201
0.618154
0.620117
0.62209
0.624074
0.626068
0.628072
0.630087
0.632112
0.634147
0.636193
0.638249
0.640316
0.642393
0.644481
0.646579
0.648688
0.650807
0.652937
0.655078
0.657229
0.659391
0.661564
0.663748
0.665942
0.668147
0.670363
0.67259
0.674828
0.677077
0.679336
0.681607
0.683888
0.686181
0.688485
0.690799
0.693125
0.695462
0.69781
0.700169
0.702539
0.704921
0.707313
0.709717
0.712132
0.714559
0.716996
0.719445
0.721906
0.724377
0.72686
0.729355
0.731861
0.734378
0.736907
0.739447
0.741999
0.744563
0.747137
0.749724
0.752322
0.754931
0.757553
0.760185
0.76283
0.765486
0.768154
0.770833
0.773524
0.776227
0.778942
0.781669
0.784407
0.787157
0.789919
0.792693
0.795478
0.798276
0.801085
0.803906
0.806739
0.809584
0.812441
0.815311
0.818191
0.821084
0.823989
0.826907
0.829836
0.832777
0.83573
0.838695
0.841673
0.844662
0.847664
0.850678
0.853704
0.856742
0.859792
0.862855
0.86593
0.869017
0.872116
0.875228
0.878352
0.881488
0.884637
0.887798
0.890972
0.894157
0.897356
0.900566
0.903789
0.907025
0.910273
0.913534
0.916807
0.920092
0.92339
0.926701
0.930025
0.933361
0.93671
0.940071
0.943445
0.946832
0.950231
0.953644
0.957069
0.960507
0.963958
0.967422
0.970898
0.974388
0.977891
0.981406
0.984935
0.988477
0.992031
0.995599
0.99918
1.00277
1.00638
1.01
1.01364
1.01728
1.02095
1.02462
1.02831
1.03201
1.03572
1.03945
1.04319
1.04695
1.05072
1.0545
1.0583
1.06211
1.06594
1.06977
1.07363
1.07749
1.08138
1.08527
1.08918
1.09311
1.09704
1.101
1.10496
1.10895
1.11294
1.11695
1.12098
1.12502
1.12908
1.13315
1.13724
1.14134
1.14545
1.14959
1.15373
1.1579
1.16208
1.16627
1.17048
1.17471
1.17895
1.18321
1.18748
1.19177
1.19608
1.2004
1.20474
1.2091
1.21347
1.21786
1.22227
1.2267
1.23114
1.2356
1.24007
1.24457
1.24908
1.25361
1.25816
1.26272
1.26731
1.27191
1.27653
1.28117
1.28583
1.2905
1.2952
1.29991
1.30465
1.3094
1.31418
1.31897
1.32378
1.32862
1.33347
1.33834
1.34324
1.34815
1.35309
1.35804
1.36302
1.36802
1.37304
1.37808
1.38315
1.38823
1.39334
1.39847
1.40362
1.4088
1.41399
1.41921
1.42446
1.42972
1.43501
1.44033
1.44566
1.45102
1.45641
1.46182
1.46725
1.47271
1.47819
1.4837
1.48923
1.49479
1.50037
1.50598
1.51162
1.51728
1.52296
1.52868
1.53442
1.54018
1.54597
1.55179
1.55764
1.56351
1.56941
1.57533
1.58129
1.58727
1.59328
1.59932
1.60538
1.61148
1.6176
1.62375
1.62993
1.63613
1.64237
1.64863
1.65493
1.66125
1.6676
1.67398
1.68039
1.68683
1.6933
1.6998
1.70632
1.71288
1.71947
1.72608
1.73273
1.7394
1.74611
1.75284
1.7596
1.7664
1.77322
1.78007
1.78695
1.79387
1.80081
1.80778
1.81478
1.82181
1.82887
1.83596
1.84307
1.85022
1.85739
1.8646
1.87183
1.87909
1.88638
1.8937
1.90104
1.90842
1.91582
1.92325
1.9307
1.93819
1.9457
1.95323
1.96079
1.96838
1.976
1.98364
1.9913
1.99899
2.0067
2.01444
2.0222
2.02999
2.0378
2.04563
2.05348
2.06136
2.06925
2.07717
2.08511
2.09307
2.10104
2.10904
2.11706
2.12509
2.13314
2.14121
2.14929
2.15739
2.16551
2.17364
2.18178
2.18994
2.19811
2.20629
2.21448
2.22269
2.2309
2.23912
2.24736
2.25559
2.26384
2.27209
2.28035
2.28862
2.29688
2.30515
2.31343
2.3217
2.32998
2.33825
2.34652
2.35479
2.36306
2.37133
2.37959
2.38784
2.39609
2.40433
2.41256
2.42078
2.42899
2.43719
2.44537
2.45355
2.4617
2.46985
2.47797
2.48608
2.49417
2.50223
2.51028
2.51831
2.52631
2.53428
2.54223
2.55016
2.55806
2.56592
2.57376
2.58157
2.58934
2.59708
2.60478
2.61245
2.62008
2.62768
2.63523
2.64274
2.65021
2.65764
2.66502
2.67236
2.67965
2.6869
2.69409
2.70123
2.70832
2.71536
2.72235
2.72928
2.73615
2.74296
2.74972
2.75642
2.76305
2.76963
2.77613
2.78258
2.78896
2.79527
2.80151
2.80769
2.81379
2.81982
2.82578
2.83167
2.83748
2.84321
2.84887
2.85445
2.85995
2.86537
2.87071
2.87596
2.88113
2.88622
2.89122
2.89614
2.90097
2.90571
2.91036
2.91491
2.91938
2.92376
2.92804
2.93223
2.93633
2.94033
2.94423
2.94803
2.95174
2.95535
2.95886
2.96227
2.96558
2.96878
2.97189
2.97489
2.97779
2.98058
2.98327
2.98585
2.98833
2.9907
2.99296
2.99512
2.99717
2.99911
3.00094
3.00267
3.00428
3.00578
3.00718
3.00846
3.00963
3.0107
3.01165
3.01249
3.01321
3.01383
3.01433
3.01473
3.01501
3.01518
3.01523
