2048 1 1
1.3575e-10 2.21679e-10 3.13501e-10
-0.000614086
4.69874e+09
9.39677e+09
1.40934e+10
1.87879e+10
2.34795e+10
2.81676e+10
3.28515e+10
3.75304e+10
4.22036e+10
4.68705e+10
5.15303e+10
5.61823e+10
6.08259e+10
6.54604e+10
7.00851e+10
7.46992e+10
7.93021e+10
8.38932e+10
8.84717e+10
9.3037e+10
9.75885e+10
1.02125e+11
1.06647e+11
1.11153e+11
1.15642e+11
1.20115e+11
1.24569e+11
1.29005e+11
1.33423e+11
1.3782e+11
1.42198e+11
1.46554e+11
1.50889e+11
1.55202e+11
1.59493e+11
1.6376e+11
1.68004e+11
1.72224e+11
1.76418e+11
1.80588e+11
1.84731e+11
1.88848e+11
1.92938e+11
1.97001e+11
2.01036e+11
2.05042e+11
2.0902e+11
2.12968e+11
2.16887e+11
2.20775e+11
2.24632e+11
2.28459e+11
2.32254e+11
2.36017e+11
2.39747e+11
2.43445e+11
2.4711e+11
2.50741e+11
2.54339e+11
2.57902e+11
2.61431e+11
2.64924e+11
2.68383e+11
2.71806e+11
2.75194e+11
2.78545e+11
2.8186e+11
2.85139e+11
2.8838e+11
2.91585e+11
2.94752e+11
2.97882e+11
3.00974e+11
3.04028e+11
3.07044e+11
3.10021e+11
3.1296e+11
3.15861e+11
3.18722e+11
3.21545e+11
3.24329e+11
3.27073e+11
3.29778e+11
3.32444e+11
3.3507e+11
3.37657e+11
3.40205e+11
3.42712e+11
3.4518e+11
3.47609e+11
3.49997e+11
3.52346e+11
3.54655e+11
3.56924e+11
3.59154e+11
3.61343e+11
3.63494e+11
3.65604e+11
3.67675e+11
3.69706e+11
3.71698e+11
3.73651e+11
3.75564e+11
3.77439e+11
3.79274e+11
3.8107e+11
3.82827e+11
3.84545e+11
3.86225e+11
3.87867e+11
3.8947e+11
3.91035e+11
3.92562e+11
3.94051e+11
3.95503e+11
3.96917e+11
3.98294e+11
3.99634e+11
4.00937e+11
4.02204e+11
4.03434e+11
4.04628e+11
4.05786e+11
4.06909e+11
4.07995e+11
4.09047e+11
4.10064e+11
4.11046e+11
4.11993e+11
4.12907e+11
4.13786e+11
4.14632e+11
4.15445e+11
4.16224e+11
4.16971e+11
4.17685e+11
4.18367e+11
4.19017e+11
4.19636e+11
4.20223e+11
4.20779e+11
4.21305e+11
4.218e+11
4.22266e+11
4.22701e+11
4.23108e+11
4.23485e+11
4.23833e+11
4.24153e+11
4.24445e+11
4.24709e+11
4.24946e+11
4.25156e+11
4.25338e+11
4.25495e+11
4.25625e+11
4.2573e+11
4.25809e+11
4.25864e+11
4.25893e+11
4.25898e+11
4.25879e+11
4.25837e+11
4.25771e+11
4.25682e+11
4.2557e+11
4.25436e+11
4.2528e+11
4.25102e+11
4.24903e+11
4.24683e+11
4.24442e+11
4.24181e+11
4.239e+11
4.23599e+11
4.23279e+11
4.2294e+11
4.22582e+11
4.22206e+11
4.21812e+11
4.214e+11
4.20971e+11
4.20525e+11
4.20062e+11
4.19582e+11
4.19087e+11
4.18575e+11
4.18048e+11
4.17506e+11
4.16949e+11
4.16378e+11
4.15792e+11
4.15192e+11
4.14579e+11
4.13952e+11
4.13312e+11
4.12659e+11
4.11994e+11
4.11316e+11
4.10627e+11
4.09925e+11
4.09213e+11
4.08489e+11
4.07754e+11
4.07009e+11
4.06253e+11
4.05487e+11
4.04711e+11
4.03926e+11
4.03132e+11
4.02328e+11
4.01515e+11
4.00694e+11
3.99865e+11
3.99027e+11
3.98181e+11
3.97328e+11
3.96468e+11
3.956e+11
3.94725e+11
3.93843e+11
3.92955e+11
3.9206e+11
3.91159e+11
3.90252e+11
3.8934e+11
3.88422e+11
3.87498e+11
3.8657e+11
3.85636e+11
3.84698e+11
3.83755e+11
3.82807e+11
3.81856e+11
3.809e+11
3.7994e+11
3.78977e+11
3.7801e+11
3.7704e+11
3.76066e+11
3.75089e+11
3.74109e+11
3.73127e+11
3.72142e+11
3.71154e+11
3.70164e+11
3.69172e+11
3.68177e+11
3.67181e+11
3.66183e+11
3.65183e+11
3.64182e+11
3.63179e+11
3.62175e+11
3.6117e+11
3.60163e+11
3.59156e+11
3.58148e+11
3.57139e+11
3.56129e+11
3.55119e+11
3.54109e+11
3.53098e+11
3.52087e+11
3.51075e+11
3.50064e+11
3.49053e+11
3.48042e+11
3.47031e+11
3.4602e+11
3.4501e+11
3.44e+11
3.42991e+11
3.41982e+11
3.40974e+11
3.39967e+11
3.38961e+11
3.37955e+11
3.36951e+11
3.35948e+11
3.34945e+11
3.33944e+11
3.32944e+11
3.31946e+11
3.30949e+11
3.29953e+11
3.28958e+11
3.27965e+11
3.26974e+11
3.25984e+11
3.24996e+11
3.2401e+11
3.23025e+11
3.22042e+11
3.21061e+11
3.20082e+11
3.19105e+11
3.1813e+11
3.17157e+11
3.16185e+11
3.15216e+11
3.14249e+11
3.13284e+11
3.12321e+11
3.11361e+11
3.10402e+11
3.09446e+11
3.08492e+11
3.07541e+11
3.06592e+11
3.05645e+11
3.047e+11
3.03758e+11
3.02818e+11
3.01881e+11
3.00946e+11
3.00014e+11
2.99084e+11
2.98157e+11
2.97232e+11
2.9631e+11
2.9539e+11
2.94473e+11
2.93559e+11
2.92647e+11
2.91737e+11
2.90831e+11
2.89927e+11
2.89025e+11
2.88127e+11
2.87231e+11
2.86337e+11
2.85447e+11
2.84559e+11
2.83673e+11
2.82791e+11
2.81911e+11
2.81034e+11
2.80159e+11
2.79287e+11
2.78418e+11
2.77552e+11
2.76689e+11
2.75828e+11
2.7497e+11
2.74114e+11
2.73262e+11
2.72412e+11
2.71565e+11
2.70721e+11
2.69879e+11
2.6904e+11
2.68204e+11
2.67371e+11
2.6654e+11
2.65712e+11
2.64887e+11
2.64065e+11
2.63245e+11
2.62428e+11
2.61614e+11
2.60802e+11
2.59994e+11
2.59188e+11
2.58384e+11
2.57584e+11
2.56786e+11
2.55991e+11
2.55198e+11
2.54409e+11
2.53622e+11
2.52837e+11
2.52055e+11
2.51276e+11
2.505e+11
2.49726e+11
2.48955e+11
2.48187e+11
2.47421e+11
2.46658e+11
2.45898e+11
2.4514e+11
2.44384e+11
2.43632e+11
2.42882e+11
2.42134e+11
2.4139e+11
2.40647e+11
2.39908e+11
2.39171e+11
2.38436e+11
2.37704e+11
2.36975e+11
2.36248e+11
2.35523e+11
2.34802e+11
2.34082e+11
2.33365e+11
2.32651e+11
2.31939e+11
2.3123e+11
2.30523e+11
2.29819e+11
2.29117e+11
2.28417e+11
2.2772e+11
2.27025e+11
2.26333e+11
2.25643e+11
2.24956e+11
2.24271e+11
2.23588e+11
2.22908e+11
2.2223e+11
2.21555e+11
2.20881e+11
2.20211e+11
2.19542e+11
2.18876e+11
2.18212e+11
2.1755e+11
2.16891e+11
2.16234e+11
2.1558e+11
2.14927e+11
2.14277e+11
2.13629e+11
2.12983e+11
2.1234e+11
2.11699e+11
2.1106e+11
2.10423e+11
2.09788e+11
2.09156e+11
2.08526e+11
2.07897e+11
2.07271e+11
2.06648e+11
2.06026e+11
2.05407e+11
2.04789e+11
2.04174e+11
2.03561e+11
2.0295e+11
2.02341e+11
2.01734e+11
2.01129e+11
2.00526e+11
1.99925e+11
1.99326e+11
1.9873e+11
1.98135e+11
1.97542e+11
1.96952e+11
1.96363e+11
1.95776e+11
1.95192e+11
1.94609e+11
1.94028e+11
1.93449e+11
1.92872e+11
1.92297e+11
1.91724e+11
1.91153e+11
1.90584e+11
1.90016e+11
1.89451e+11
1.88887e+11
1.88325e+11
1.87765e+11
1.87207e+11
1.86651e+11
1.86097e+11
1.85544e+11
1.84993e+11
1.84444e+11
1.83897e+11
1.83352e+11
1.82808e+11
1.82266e+11
1.81726e+11
1.81188e+11
1.80651e+11
1.80116e+11
1.79583e+11
1.79051e+11
1.78522e+11
1.77994e+11
1.77467e+11
1.76942e+11
1.76419e+11
1.75898e+11
1.75378e+11
1.7486e+11
1.74344e+11
1.73829e+11
1.73316e+11
1.72804e+11
1.72294e+11
1.71786e+11
1.71279e+11
1.70774e+11
1.7027e+11
1.69768e+11
1.69267e+11
1.68768e+11
1.68271e+11
1.67775e+11
1.6728e+11
1.66787e+11
1.66296e+11
1.65806e+11
1.65318e+11
1.64831e+11
1.64345e+11
1.63861e+11
1.63378e+11
1.62897e+11
1.62418e+11
1.61939e+11
1.61462e+11
1.60987e+11
1.60513e+11
1.6004e+11
1.59569e+11
1.59099e+11
1.58631e+11
1.58164e+11
1.57698e+11
1.57233e+11
1.5677e+11
1.56309e+11
1.55848e+11
1.55389e+11
1.54931e+11
1.54475e+11
1.5402e+11
1.53566e+11
1.53113e+11
1.52662e+11
1.52212e+11
1.51763e+11
1.51316e+11
1.5087e+11
1.50425e+11
1.49981e+11
1.49538e+11
1.49097e+11
1.48657e+11
1.48218e+11
1.4778e+11
1.47344e+11
1.46908e+11
1.46474e+11
1.46041e+11
1.45609e+11
1.45179e+11
1.44749e+11
1.44321e+11
1.43894e+11
1.43467e+11
1.43042e+11
1.42619e+11
1.42196e+11
1.41774e+11
1.41354e+11
1.40934e+11
1.40516e+11
1.40098e+11
1.39682e+11
1.39267e+11
1.38853e+11
1.3844e+11
1.38028e+11
1.37617e+11
1.37207e+11
1.36798e+11
1.3639e+11
1.35983e+11
1.35577e+11
1.35173e+11
1.34769e+11
1.34366e+11
1.33964e+11
1.33563e+11
1.33163e+11
1.32764e+11
1.32366e+11
1.31969e+11
1.31573e+11
1.31178e+11
1.30783e+11
1.3039e+11
1.29998e+11
1.29606e+11
1.29215e+11
1.28826e+11
1.28437e+11
1.28049e+11
1.27662e+11
1.27276e+11
1.26891e+11
1.26506e+11
1.26123e+11
1.2574e+11
1.25359e+11
1.24978e+11
1.24598e+11
1.24218e+11
1.2384e+11
1.23462e+11
1.23086e+11
1.2271e+11
1.22335e+11
1.2196e+11
1.21587e+11
1.21214e+11
1.20842e+11
1.20471e+11
1.20101e+11
1.19731e+11
1.19362e+11
1.18994e+11
1.18627e+11
1.1826e+11
1.17895e+11
1.1753e+11
1.17165e+11
1.16802e+11
1.16439e+11
1.16077e+11
1.15715e+11
1.15355e+11
1.14995e+11
1.14636e+11
1.14277e+11
1.13919e+11
1.13562e+11
1.13206e+11
1.1285e+11
1.12495e+11
1.1214e+11
1.11787e+11
1.11434e+11
1.11081e+11
1.10729e+11
1.10378e+11
1.10028e+11
1.09678e+11
1.09329e+11
1.0898e+11
1.08633e+11
1.08285e+11
1.07939e+11
1.07593e+11
1.07247e+11
1.06902e+11
1.06558e+11
1.06215e+11
1.05872e+11
1.05529e+11
1.05187e+11
1.04846e+11
1.04505e+11
1.04165e+11
1.03826e+11
1.03487e+11
1.03148e+11
1.02811e+11
1.02473e+11
1.02137e+11
1.01801e+11
1.01465e+11
1.0113e+11
1.00795e+11
1.00461e+11
1.00128e+11
9.97949e+10
9.94625e+10
9.91306e+10
9.87992e+10
9.84683e+10
9.8138e+10
9.78081e+10
9.74788e+10
9.71499e+10
9.68215e+10
9.64937e+10
9.61663e+10
9.58394e+10
9.55129e+10
9.5187e+10
9.48615e+10
9.45365e+10
9.4212e+10
9.38879e+10
9.35643e+10
9.32411e+10
9.29184e+10
9.25961e+10
9.22743e+10
9.19529e+10
9.1632e+10
9.13115e+10
9.09915e+10
9.06718e+10
9.03526e+10
9.00338e+10
8.97155e+10
8.93975e+10
8.908e+10
8.87629e+10
8.84462e+10
8.81299e+10
8.7814e+10
8.74985e+10
8.71834e+10
8.68687e+10
8.65544e+10
8.62404e+10
8.59269e+10
8.56137e+10
8.53009e+10
8.49885e+10
8.46765e+10
8.43648e+10
8.40535e+10
8.37426e+10
8.3432e+10
8.31218e+10
8.2812e+10
8.25025e+10
8.21933e+10
8.18845e+10
8.15761e+10
8.1268e+10
8.09602e+10
8.06528e+10
8.03457e+10
8.0039e+10
7.97325e+10
7.94264e+10
7.91207e+10
7.88152e+10
7.85101e+10
7.82053e+10
7.79008e+10
7.75966e+10
7.72927e+10
7.69892e+10
7.66859e+10
7.6383e+10
7.60803e+10
7.5778e+10
7.54759e+10
7.51742e+10
7.48727e+10
7.45715e+10
7.42706e+10
7.397e+10
7.36697e+10
7.33697e+10
7.30699e+10
7.27704e+10
7.24712e+10
7.21723e+10
7.18736e+10
7.15752e+10
7.12771e+10
7.09792e+10
7.06816e+10
7.03842e+10
7.00871e+10
6.97903e+10
6.94937e+10
6.91974e+10
6.89013e+10
6.86055e+10
6.83099e+10
6.80145e+10
6.77194e+10
6.74246e+10
6.71299e+10
6.68355e+10
6.65414e+10
6.62474e+10
6.59537e+10
6.56603e+10
6.5367e+10
6.5074e+10
6.47812e+10
6.44886e+10
6.41963e+10
6.39041e+10
6.36122e+10
6.33205e+10
6.3029e+10
6.27377e+10
6.24466e+10
6.21557e+10
6.1865e+10
6.15746e+10
6.12843e+10
6.09942e+10
6.07043e+10
6.04147e+10
6.01252e+10
5.98359e+10
5.95468e+10
5.92579e+10
5.89692e+10
5.86806e+10
5.83923e+10
5.81041e+10
5.78161e+10
5.75283e+10
5.72407e+10
5.69532e+10
5.6666e+10
5.63789e+10
5.60919e+10
5.58052e+10
5.55186e+10
5.52322e+10
5.49459e+10
5.46598e+10
5.43739e+10
5.40881e+10
5.38025e+10
5.35171e+10
5.32318e+10
5.29467e+10
5.26617e+10
5.23769e+10
5.20922e+10
5.18077e+10
5.15234e+10
5.12391e+10
5.09551e+10
5.06712e+10
5.03874e+10
5.01037e+10
4.98203e+10
4.95369e+10
4.92537e+10
4.89706e+10
4.86877e+10
4.84049e+10
4.81222e+10
4.78397e+10
4.75573e+10
4.7275e+10
4.69929e+10
4.67108e+10
4.6429e+10
4.61472e+10
4.58656e+10
4.5584e+10
4.53027e+10
4.50214e+10
4.47402e+10
4.44592e+10
4.41783e+10
4.38975e+10
4.36168e+10
4.33363e+10
4.30558e+10
4.27755e+10
4.24953e+10
4.22151e+10
4.19351e+10
4.16552e+10
4.13754e+10
4.10957e+10
4.08162e+10
4.05367e+10
4.02573e+10
3.9978e+10
3.96989e+10
3.94198e+10
3.91408e+10
3.8862e+10
3.85832e+10
3.83045e+10
3.80259e+10
3.77474e+10
3.7469e+10
3.71907e+10
3.69125e+10
3.66344e+10
3.63563e+10
3.60784e+10
3.58005e+10
3.55227e+10
3.52451e+10
3.49674e+10
3.46899e+10
3.44125e+10
3.41351e+10
3.38579e+10
3.35807e+10
3.33036e+10
3.30265e+10
3.27496e+10
3.24727e+10
3.21959e+10
3.19191e+10
3.16425e+10
3.13659e+10
3.10894e+10
3.0813e+10
3.05366e+10
3.02603e+10
2.99841e+10
2.97079e+10
2.94318e+10
2.91558e+10
2.88798e+10
2.86039e+10
2.83281e+10
2.80523e+10
2.77766e+10
2.7501e+10
2.72254e+10
2.69499e+10
2.66745e+10
2.63991e+10
2.61237e+10
2.58484e+10
2.55732e+10
2.5298e+10
2.50229e+10
2.47479e+10
2.44729e+10
2.41979e+10
2.3923e+10
2.36482e+10
2.33734e+10
2.30987e+10
2.2824e+10
2.25493e+10
2.22747e+10
2.20002e+10
2.17257e+10
2.14512e+10
2.11768e+10
2.09025e+10
2.06281e+10
2.03539e+10
2.00796e+10
1.98055e+10
1.95313e+10
1.92572e+10
1.89831e+10
1.87091e+10
1.84351e+10
1.81612e+10
1.78873e+10
1.76134e+10
1.73396e+10
1.70658e+10
1.6792e+10
1.65183e+10
1.62446e+10
1.59709e+10
1.56973e+10
1.54237e+10
1.51502e+10
1.48766e+10
1.46031e+10
1.43297e+10
1.40562e+10
1.37828e+10
1.35094e+10
1.32361e+10
1.29628e+10
1.26895e+10
1.24162e+10
1.21429e+10
1.18697e+10
1.15965e+10
1.13233e+10
1.10502e+10
1.0777e+10
1.05039e+10
1.02308e+10
9.95777e+09
9.68472e+09
9.41169e+09
9.13868e+09
8.86569e+09
8.59272e+09
8.31976e+09
8.04682e+09
7.7739e+09
7.50099e+09
7.2281e+09
6.95522e+09
6.68235e+09
6.4095e+09
6.13666e+09
5.86384e+09
5.59102e+09
5.31822e+09
5.04543e+09
4.77264e+09
4.49987e+09
4.22711e+09
3.95435e+09
3.6816e+09
3.40886e+09
3.13613e+09
2.8634e+09
2.59068e+09
2.31796e+09
2.04525e+09
1.77254e+09
1.49984e+09
1.22714e+09
9.54436e+08
6.81739e+08
4.09043e+08
1.36347e+08
-1.36347e+08
-4.09043e+08
-6.81739e+08
-9.54436e+08
-1.22714e+09
-1.49984e+09
-1.77254e+09
-2.04525e+09
-2.31796e+09
-2.59068e+09
-2.8634e+09
-3.13613e+09
-3.40886e+09
-3.6816e+09
-3.95435e+09
-4.22711e+09
-4.49987e+09
-4.77264e+09
-5.04543e+09
-5.31822e+09
-5.59102e+09
-5.86384e+09
-6.13666e+09
-6.4095e+09
-6.68235e+09
-6.95522e+09
-7.2281e+09
-7.50099e+09
-7.7739e+09
-8.04682e+09
-8.31976e+09
-8.59272e+09
-8.86569e+09
-9.13868e+09
-9.41169e+09
-9.68472e+09
-9.95777e+09
-1.02308e+10
-1.05039e+10
-1.0777e+10
-1.10502e+10
-1.13233e+10
-1.15965e+10
-1.18697e+10
-1.21429e+10
-1.24162e+10
-1.26895e+10
-1.29628e+10
-1.32361e+10
-1.35094e+10
-1.37828e+10
-1.40562e+10
-1.43297e+10
-1.46031e+10
-1.48766e+10
-1.51502e+10
-1.54237e+10
-1.56973e+10
-1.59709e+10
-1.62446e+10
-1.65183e+10
-1.6792e+10
-1.70658e+10
-1.73396e+10
-1.76134e+10
-1.78873e+10
-1.81612e+10
-1.84351e+10
-1.87091e+10
-1.89831e+10
-1.92572e+10
-1.95313e+10
-1.98055e+10
-2.00796e+10
-2.03539e+10
-2.06281e+10
-2.09025e+10
-2.11768e+10
-2.14512e+10
-2.17257e+10
-2.20002e+10
-2.22747e+10
-2.25493e+10
-2.2824e+10
-2.30987e+10
-2.33734e+10
-2.36482e+10
-2.3923e+10
-2.41979e+10
-2.44729e+10
-2.47479e+10
-2.50229e+10
-2.5298e+10
-2.55732e+10
-2.58484e+10
-2.61237e+10
-2.63991e+10
-2.66745e+10
-2.69499e+10
-2.72254e+10
-2.7501e+10
-2.77766e+10
-2.80523e+10
-2.83281e+10
-2.86039e+10
-2.88798e+10
-2.91558e+10
-2.94318e+10
-2.97079e+10
-2.99841e+10
-3.02603e+10
-3.05366e+10
-3.0813e+10
-3.10894e+10
-3.13659e+10
-3.16425e+10
-3.19191e+10
-3.21959e+10
-3.24727e+10
-3.27496e+10
-3.30265e+10
-3.33036e+10
-3.35807e+10
-3.38579e+10
-3.41351e+10
-3.44125e+10
-3.46899e+10
-3.49674e+10
-3.52451e+10
-3.55227e+10
-3.58005e+10
-3.60784e+10
-3.63563e+10
-3.66344e+10
-3.69125e+10
-3.71907e+10
-3.7469e+10
-3.77474e+10
-3.80259e+10
-3.83045e+10
-3.85832e+10
-3.8862e+10
-3.91408e+10
-3.94198e+10
-3.96989e+10
-3.9978e+10
-4.02573e+10
-4.05367e+10
-4.08162e+10
-4.10957e+10
-4.13754e+10
-4.16552e+10
-4.19351e+10
-4.22151e+10
-4.24953e+10
-4.27755e+10
-4.30558e+10
-4.33363e+10
-4.36168e+10
-4.38975e+10
-4.41783e+10
-4.44592e+10
-4.47402e+10
-4.50214e+10
-4.53027e+10
-4.5584e+10
-4.58656e+10
-4.61472e+10
-4.6429e+10
-4.67108e+10
-4.69929e+10
-4.7275e+10
-4.75573e+10
-4.78397e+10
-4.81222e+10
-4.84049e+10
-4.86877e+10
-4.89706e+10
-4.92537e+10
-4.95369e+10
-4.98203e+10
-5.01037e+10
-5.03874e+10
-5.06712e+10
-5.09551e+10
-5.12391e+10
-5.15234e+10
-5.18077e+10
-5.20922e+10
-5.23769e+10
-5.26617e+10
-5.29467e+10
-5.32318e+10
-5.35171e+10
-5.38025e+10
-5.40881e+10
-5.43739e+10
-5.46598e+10
-5.49459e+10
-5.52322e+10
-5.55186e+10
-5.58052e+10
-5.60919e+10
-5.63789e+10
-5.6666e+10
-5.69532e+10
-5.72407e+10
-5.75283e+10
-5.78161e+10
-5.81041e+10
-5.83923e+10
-5.86806e+10
-5.89692e+10
-5.92579e+10
-5.95468e+10
-5.98359e+10
-6.01252e+10
-6.04147e+10
-6.07043e+10
-6.09942e+10
-6.12843e+10
-6.15746e+10
-6.1865e+10
-6.21557e+10
-6.24466e+10
-6.27377e+10
-6.3029e+10
-6.33205e+10
-6.36122e+10
-6.39041e+10
-6.41963e+10
-6.44886e+10
-6.47812e+10
-6.5074e+10
-6.5367e+10
-6.56603e+10
-6.59537e+10
-6.62474e+10
-6.65414e+10
-6.68355e+10
-6.71299e+10
-6.74246e+10
-6.77194e+10
-6.80145e+10
-6.83099e+10
-6.86055e+10
-6.89013e+10
-6.91974e+10
-6.94937e+10
-6.97903e+10
-7.00871e+10
-7.03842e+10
-7.06816e+10
-7.09792e+10
-7.12771e+10
-7.15752e+10
-7.18736e+10
-7.21723e+10
-7.24712e+10
-7.27704e+10
-7.30699e+10
-7.33697e+10
-7.36697e+10
-7.397e+10
-7.42706e+10
-7.45715e+10
-7.48727e+10
-7.51742e+10
-7.54759e+10
-7.5778e+10
-7.60803e+10
-7.6383e+10
-7.66859e+10
-7.69892e+10
-7.72927e+10
-7.75966e+10
-7.79008e+10
-7.82053e+10
-7.85101e+10
-7.88152e+10
-7.91207e+10
-7.94264e+10
-7.97325e+10
-8.0039e+10
-8.03457e+10
-8.06528e+10
-8.09602e+10
-8.1268e+10
-8.15761e+10
-8.18845e+10
-8.21933e+10
-8.25025e+10
-8.2812e+10
-8.31218e+10
-8.3432e+10
-8.37426e+10
-8.40535e+10
-8.43648e+10
-8.46765e+10
-8.49885e+10
-8.53009e+10
-8.56137e+10
-8.59269e+10
-8.62404e+10
-8.65544e+10
-8.68687e+10
-8.71834e+10
-8.74985e+10
-8.7814e+10
-8.81299e+10
-8.84462e+10
-8.87629e+10
-8.908e+10
-8.93975e+10
-8.97155e+10
-9.00338e+10
-9.03526e+10
-9.06718e+10
-9.09915e+10
-9.13115e+10
-9.1632e+10
-9.19529e+10
-9.22743e+10
-9.25961e+10
-9.29184e+10
-9.32411e+10
-9.35643e+10
-9.38879e+10
-9.4212e+10
-9.45365e+10
-9.48615e+10
-9.5187e+10
-9.55129e+10
-9.58394e+10
-9.61663e+10
-9.64937e+10
-9.68215e+10
-9.71499e+10
-9.74788e+10
-9.78081e+10
-9.8138e+10
-9.84683e+10
-9.87992e+10
-9.91306e+10
-9.94625e+10
-9.97949e+10
-1.00128e+11
-1.00461e+11
-1.00795e+11
-1.0113e+11
-1.01465e+11
-1.01801e+11
-1.02137e+11
-1.02473e+11
-1.02811e+11
-1.03148e+11
-1.03487e+11
-1.03826e+11
-1.04165e+11
-1.04505e+11
-1.04846e+11
-1.05187e+11
-1.05529e+11
-1.05872e+11
-1.06215e+11
-1.06558e+11
-1.06902e+11
-1.07247e+11
-1.07593e+11
-1.07939e+11
-1.08285e+11
-1.08633e+11
-1.0898e+11
-1.09329e+11
-1.09678e+11
-1.10028e+11
-1.10378e+11
-1.10729e+11
-1.11081e+11
-1.11434e+11
-1.11787e+11
-1.1214e+11
-1.12495e+11
-1.1285e+11
-1.13206e+11
-1.13562e+11
-1.13919e+11
-1.14277e+11
-1.14636e+11
-1.14995e+11
-1.15355e+11
-1.15715e+11
-1.16077e+11
-1.16439e+11
-1.16802e+11
-1.17165e+11
-1.1753e+11
-1.17895e+11
-1.1826e+11
-1.18627e+11
-1.18994e+11
-1.19362e+11
-1.19731e+11
-1.20101e+11
-1.20471e+11
-1.20842e+11
-1.21214e+11
-1.21587e+11
-1.2196e+11
-1.22335e+11
-1.2271e+11
-1.23086e+11
-1.23462e+11
-1.2384e+11
-1.24218e+11
-1.24598e+11
-1.24978e+11
-1.25359e+11
-1.2574e+11
-1.26123e+11
-1.26506e+11
-1.26891e+11
-1.27276e+11
-1.27662e+11
-1.28049e+11
-1.28437e+11
-1.28826e+11
-1.29215e+11
-1.29606e+11
-1.29998e+11
-1.3039e+11
-1.30783e+11
-1.31178e+11
-1.31573e+11
-1.31969e+11
-1.32366e+11
-1.32764e+11
-1.33163e+11
-1.33563e+11
-1.33964e+11
-1.34366e+11
-1.34769e+11
-1.35173e+11
-1.35577e+11
-1.35983e+11
-1.3639e+11
-1.36798e+11
-1.37207e+11
-1.37617e+11
-1.38028e+11
-1.3844e+11
-1.38853e+11
-1.39267e+11
-1.39682e+11
-1.40098e+11
-1.40516e+11
-1.40934e+11
-1.41354e+11
-1.41774e+11
-1.42196e+11
-1.42619e+11
-1.43042e+11
-1.43467e+11
-1.43894e+11
-1.44321e+11
-1.44749e+11
-1.45179e+11
-1.45609e+11
-1.46041e+11
-1.46474e+11
-1.46908e+11
-1.47344e+11
-1.4778e+11
-1.48218e+11
-1.48657e+11
-1.49097e+11
-1.49538e+11
-1.49981e+11
-1.50425e+11
-1.5087e+11
-1.51316e+11
-1.51763e+11
-1.52212e+11
-1.52662e+11
-1.53113e+11
-1.53566e+11
-1.5402e+11
-1.54475e+11
-1.54931e+11
-1.55389e+11
-1.55848e+11
-1.56309e+11
-1.5677e+11
-1.57233e+11
-1.57698e+11
-1.58164e+11
-1.58631e+11
-1.59099e+11
-1.59569e+11
-1.6004e+11
-1.60513e+11
-1.60987e+11
-1.61462e+11
-1.61939e+11
-1.62418e+11
-1.62897e+11
-1.63378e+11
-1.63861e+11
-1.64345e+11
-1.64831e+11
-1.65318e+11
-1.65806e+11
-1.66296e+11
-1.66787e+11
-1.6728e+11
-1.67775e+11
-1.68271e+11
-1.68768e+11
-1.69267e+11
-1.69768e+11
-1.7027e+11
-1.70774e+11
-1.71279e+11
-1.71786e+11
-1.72294e+11
-1.72804e+11
-1.73316e+11
-1.73829e+11
-1.74344e+11
-1.7486e+11
-1.75378e+11
-1.75898e+11
-1.76419e+11
-1.76942e+11
-1.77467e+11
-1.77994e+11
-1.78522e+11
-1.79051e+11
-1.79583e+11
-1.80116e+11
-1.80651e+11
-1.81188e+11
-1.81726e+11
-1.82266e+11
-1.82808e+11
-1.83352e+11
-1.83897e+11
-1.84444e+11
-1.84993e+11
-1.85544e+11
-1.86097e+11
-1.86651e+11
-1.87207e+11
-1.87765e+11
-1.88325e+11
-1.88887e+11
-1.89451e+11
-1.90016e+11
-1.90584e+11
-1.91153e+11
-1.91724e+11
-1.92297e+11
-1.92872e+11
-1.93449e+11
-1.94028e+11
-1.94609e+11
-1.95192e+11
-1.95776e+11
-1.96363e+11
-1.96952e+11
-1.97542e+11
-1.98135e+11
-1.9873e+11
-1.99326e+11
-1.99925e+11
-2.00526e+11
-2.01129e+11
-2.01734e+11
-2.02341e+11
-2.0295e+11
-2.03561e+11
-2.04174e+11
-2.04789e+11
-2.05407e+11
-2.06026e+11
-2.06648e+11
-2.07271e+11
-2.07897e+11
-2.08526e+11
-2.09156e+11
-2.09788e+11
-2.10423e+11
-2.1106e+11
-2.11699e+11
-2.1234e+11
-2.12983e+11
-2.13629e+11
-2.14277e+11
-2.14927e+11
-2.1558e+11
-2.16234e+11
-2.16891e+11
-2.1755e+11
-2.18212e+11
-2.18876e+11
-2.19542e+11
-2.20211e+11
-2.20881e+11
-2.21555e+11
-2.2223e+11
-2.22908e+11
-2.23588e+11
-2.24271e+11
-2.24956e+11
-2.25643e+11
-2.26333e+11
-2.27025e+11
-2.2772e+11
-2.28417e+11
-2.29117e+11
-2.29819e+11
-2.30523e+11
-2.3123e+11
-2.31939e+11
-2.32651e+11
-2.33365e+11
-2.34082e+11
-2.34802e+11
-2.35523e+11
-2.36248e+11
-2.36975e+11
-2.37704e+11
-2.38436e+11
-2.39171e+11
-2.39908e+11
-2.40647e+11
-2.4139e+11
-2.42134e+11
-2.42882e+11
-2.43632e+11
-2.44384e+11
-2.4514e+11
-2.45898e+11
-2.46658e+11
-2.47421e+11
-2.48187e+11
-2.48955e+11
-2.49726e+11
-2.505e+11
-2.51276e+11
-2.52055e+11
-2.52837e+11
-2.53622e+11
-2.54409e+11
-2.55198e+11
-2.55991e+11
-2.56786e+11
-2.57584e+11
-2.58384e+11
-2.59188e+11
-2.59994e+11
-2.60802e+11
-2.61614e+11
-2.62428e+11
-2.63245e+11
-2.64065e+11
-2.64887e+11
-2.65712e+11
-2.6654e+11
-2.67371e+11
-2.68204e+11
-2.6904e+11
-2.69879e+11
-2.70721e+11
-2.71565e+11
-2.72412e+11
-2.73262e+11
-2.74114e+11
-2.7497e+11
-2.75828e+11
-2.76689e+11
-2.77552e+11
-2.78418e+11
-2.79287e+11
-2.80159e+11
-2.81034e+11
-2.81911e+11
-2.82791e+11
-2.83673e+11
-2.84559e+11
-2.85447e+11
-2.86337e+11
-2.87231e+11
-2.88127e+11
-2.89025e+11
-2.89927e+11
-2.90831e+11
-2.91737e+11
-2.92647e+11
-2.93559e+11
-2.94473e+11
-2.9539e+11
-2.9631e+11
-2.97232e+11
-2.98157e+11
-2.99084e+11
-3.00014e+11
-3.00946e+11
-3.01881e+11
-3.02818e+11
-3.03758e+11
-3.047e+11
-3.05645e+11
-3.06592e+11
-3.07541e+11
-3.08492e+11
-3.09446e+11
-3.10402e+11
-3.11361e+11
-3.12321e+11
-3.13284e+11
-3.14249e+11
-3.15216e+11
-3.16185e+11
-3.17157e+11
-3.1813e+11
-3.19105e+11
-3.20082e+11
-3.21061e+11
-3.22042e+11
-3.23025e+11
-3.2401e+11
-3.24996e+11
-3.25984e+11
-3.26974e+11
-3.27965e+11
-3.28958e+11
-3.29953e+11
-3.30949e+11
-3.31946e+11
-3.32944e+11
-3.33944e+11
-3.34945e+11
-3.35948e+11
-3.36951e+11
-3.37955e+11
-3.38961e+11
-3.39967e+11
-3.40974e+11
-3.41982e+11
-3.42991e+11
-3.44e+11
-3.4501e+11
-3.4602e+11
-3.47031e+11
-3.48042e+11
-3.49053e+11
-3.50064e+11
-3.51075e+11
-3.52087e+11
-3.53098e+11
-3.54109e+11
-3.55119e+11
-3.56129e+11
-3.57139e+11
-3.58148e+11
-3.59156e+11
-3.60163e+11
-3.6117e+11
-3.62175e+11
-3.63179e+11
-3.64182e+11
-3.65183e+11
-3.66183e+11
-3.67181e+11
-3.68177e+11
-3.69172e+11
-3.70164e+11
-3.71154e+11
-3.72142e+11
-3.73127e+11
-3.74109e+11
-3.75089e+11
-3.76066e+11
-3.7704e+11
-3.7801e+11
-3.78977e+11
-3.7994e+11
-3.809e+11
-3.81856e+11
-3.82807e+11
-3.83755e+11
-3.84698e+11
-3.85636e+11
-3.8657e+11
-3.87498e+11
-3.88422e+11
-3.8934e+11
-3.90252e+11
-3.91159e+11
-3.9206e+11
-3.92955e+11
-3.93843e+11
-3.94725e+11
-3.956e+11
-3.96468e+11
-3.97328e+11
-3.98181e+11
-3.99027e+11
-3.99865e+11
-4.00694e+11
-4.01515e+11
-4.02328e+11
-4.03132e+11
-4.03926e+11
-4.04711e+11
-4.05487e+11
-4.06253e+11
-4.07009e+11
-4.07754e+11
-4.08489e+11
-4.09213e+11
-4.09925e+11
-4.10627e+11
-4.11316e+11
-4.11994e+11
-4.12659e+11
-4.13312e+11
-4.13952e+11
-4.14579e+11
-4.15192e+11
-4.15792e+11
-4.16378e+11
-4.16949e+11
-4.17506e+11
-4.18048e+11
-4.18575e+11
-4.19087e+11
-4.19582e+11
-4.20062e+11
-4.20525e+11
-4.20971e+11
-4.214e+11
-4.21812e+11
-4.22206e+11
-4.22582e+11
-4.2294e+11
-4.23279e+11
-4.23599e+11
-4.239e+11
-4.24181e+11
-4.24442e+11
-4.24683e+11
-4.24903e+11
-4.25102e+11
-4.2528e+11
-4.25436e+11
-4.2557e+11
-4.25682e+11
-4.25771e+11
-4.25837e+11
-4.25879e+11
-4.25898e+11
-4.25893e+11
-4.25864e+11
-4.25809e+11
-4.2573e+11
-4.25625e+11
-4.25495e+11
-4.25338e+11
-4.25156e+11
-4.24946e+11
-4.24709e+11
-4.24445e+11
-4.24153e+11
-4.23833e+11
-4.23485e+11
-4.23108e+11
-4.22701e+11
-4.22266e+11
-4.218e+11
-4.21305e+11
-4.20779e+11
-4.20223e+11
-4.19636e+11
-4.19017e+11
-4.18367e+11
-4.17685e+11
-4.16971e+11
-4.16224e+11
-4.15445e+11
-4.14632e+11
-4.13786e+11
-4.12907e+11
-4.11993e+11
-4.11046e+11
-4.10064e+11
-4.09047e+11
-4.07995e+11
-4.06909e+11
-4.05786e+11
-4.04628e+11
-4.03434e+11
-4.02204e+11
-4.00937e+11
-3.99634e+11
-3.98294e+11
-3.96917e+11
-3.95503e+11
-3.94051e+11
-3.92562e+11
-3.91035e+11
-3.8947e+11
-3.87867e+11
-3.86225e+11
-3.84545e+11
-3.82827e+11
-3.8107e+11
-3.79274e+11
-3.77439e+11
-3.75564e+11
-3.73651e+11
-3.71698e+11
-3.69706e+11
-3.67675e+11
-3.65604e+11
-3.63494e+11
-3.61343e+11
-3.59154e+11
-3.56924e+11
-3.54655e+11
-3.52346e+11
-3.49997e+11
-3.47609e+11
-3.4518e+11
-3.42712e+11
-3.40205e+11
-3.37657e+11
-3.3507e+11
-3.32444e+11
-3.29778e+11
-3.27073e+11
-3.24329e+11
-3.21545e+11
-3.18722e+11
-3.15861e+11
-3.1296e+11
-3.10021e+11
-3.07044e+11
-3.04028e+11
-3.00974e+11
-2.97882e+11
-2.94752e+11
-2.91585e+11
-2.8838e+11
-2.85139e+11
-2.8186e+11
-2.78545e+11
-2.75194e+11
-2.71806e+11
-2.68383e+11
-2.64924e+11
-2.61431e+11
-2.57902e+11
-2.54339e+11
-2.50741e+11
-2.4711e+11
-2.43445e+11
-2.39747e+11
-2.36017e+11
-2.32254e+11
-2.28459e+11
-2.24632e+11
-2.20775e+11
-2.16887e+11
-2.12968e+11
-2.0902e+11
-2.05042e+11
-2.01036e+11
-1.97001e+11
-1.92938e+11
-1.88848e+11
-1.84731e+11
-1.80588e+11
-1.76418e+11
-1.72224e+11
-1.68004e+11
-1.6376e+11
-1.59493e+11
-1.55202e+11
-1.50889e+11
-1.46554e+11
-1.42198e+11
-1.3782e+11
-1.33423e+11
-1.29005e+11
-1.24569e+11
-1.20115e+11
-1.15642e+11
-1.11153e+11
-1.06647e+11
-1.02125e+11
-9.75885e+10
-9.3037e+10
-8.84717e+10
-8.38932e+10
-7.93021e+10
-7.46992e+10
-7.00851e+10
-6.54604e+10
-6.08259e+10
-5.61823e+10
-5.15303e+10
-4.68705e+10
-4.22036e+10
-3.75304e+10
-3.28515e+10
-2.81676e+10
-2.34795e+10
-1.87879e+10
-1.40934e+10
-9.39677e+09
-4.69874e+09
-0.000993537
